krakow birth record images 1837 89 
b 
krakow
birth
record
images
1837
89
select
year
akt
year
1837
1838
1839
1840
1841
1842
1843
num
akts
640
547
607
542
551
560
632
missing
avail
1
144
year
1844
1845
1846
1847
1848
1849
1850
num
akts
620
636
568
500
471
481
540
year
1874
1875
1876
1877
1878
1879
1880
1881num
akts
792
832
917
897
876
955
805
861
missing
akt
780
208
10
202
04
year
1882
1883
1884
1885
1886
1887
1888
1889num
akts
866
854
803
823
817
821
852
858
missing
616
18
hundreds
0
1
2
3
4
5
6
7
8
9
tens
0
1
2
3
4
5
6
7
8
9
ones
0
1
2
3
4
5
6
7
8
9
specials
1837
extras
1838
1839
1844
1845
1846
note
1847
note
1848
note
1849
1850
1848
judaleib
1846
62
1871
75
12
23
3
4
5
1
1
12
2
2
3
3
3
4
4
4
45
5
5
5
123
45
12
23
34
45
5
3
4
5
5
1
12
2
23
3
34
4
4
45
5
5
1
1
12
2
23
3
3
4
4
45
5
5
5
1
12
2
23
3
34
4
45
5
5
ij
12
23
45
5
1
1
12
2
23
3
34
4
4
45
5
5
1
12
2
2
23
3
34
4
4
5
5
5
1
12
23
3
4
45
5
12
234
45
5
12
345
5
1
12
23
34
45
5
1
12
2
23
3
3
34
4
45
5
5
1
12
23
3
34
4
5
5
1
12
2
23
3
34
4
5
5
12
23
34
45
5
12
23
34
45
5
1234
45
1234
5
w3
1
12
2
23
v5
3
34
4
45
5
5
12
234
45
5
1874
1875
1874
38
65
67
143
182
183
188
190
193
194
202
204
205
208
209
1876
1877
1878
1881
1883
205
430
580
583
652
745
1884
1886
1888
