
data problem 6 15 use 7 5 7 6 7 9 comma delimited file descriptive variables 
satisfaction
age
severity
anxiety
48
00
50
00
51
00
2
30
57
00
36
00
46
00
2
30
66
00
40
00
48
00
2
20
70
00
41
00
44
00
1
80
89
00
28
00
43
00
1
80
36
00
49
00
54
00
2
90
46
00
42
00
50
00
2
20
54
00
45
00
48
00
2
40
26
00
52
00
62
00
2
90
77
00
29
00
50
00
2
10
89
00
29
00
48
00
2
40
67
00
43
00
53
00
2
40
47
00
38
00
55
00
2
20
51
00
34
00
51
00
2
30
57
00
53
00
54
00
2
20
66
00
36
00
49
00
2
00
79
00
33
00
56
00
2
50
88
00
29
00
46
00
1
90
60
00
33
00
49
00
2
10
49
00
55
00
51
00
2
40
77
00
29
00
52
00
2
30
52
00
44
00
58
00
2
90
60
00
43
00
50
00
2
30
86
00
23
00
41
00
1
80
43
00
47
00
53
00
2
50
34
00
55
00
54
00
2
50
63
00
25
00
49
00
2
00
72
00
32
00
46
00
2
60
57
00
32
00
52
00
2
40
55
00
42
00
51
00
2
70
59
00
33
00
42
00
2
00
83
00
36
00
49
00
1
80
76
00
31
00
47
00
2
00
47
00
40
00
48
00
2
20
36
00
53
00
57
00
2
80
80
00
34
00
49
00
2
20
82
00
29
00
48
00
2
50
64
00
30
00
51
00
2
40
37
00
47
00
60
00
2
40
42
00
47
00
50
00
2
60
66
00
43
00
53
00
2
30
83
00
22
00
51
00
2
00
37
00
44
00
51
00
2
60
68
00
45
00
51
00
2
20
59
00
37
00
53
00
2
10
92
00
28
00
46
00
1
80
