virtual collaboration portal 
hendrickson s 
virtual
collaboration
portal
homegroupscollaborators
search
site
navigation
bibliographyauthorskeywordsreading
listsweb
linksgalleryrecent
postsacknowledgements
user
login
username
password
create
new
accountrequest
new
password
home
bibliography
hendrickson
wang
van
der
hoek
taylor
rn
kobsa
modeling
pla
variation
privacy
enhancing
personalized
systems
proceedings
13th
international
software
product
line
conference
splc
2009
san
francisco
ca
2009
71
80
islands
inclusive
information
visit
www
tenerife
excursions
ru
zqnarggd
14
january
2013
02
23
site
can
follow
responses
play
slots
free
simply
click
game
like
wait
game
igrovieavtomati
net
zcnahgvs
13
january
2013
13
12
site
can
follow
responses
play
slots
free
simply
click
game
like
wait
game
igrovieavtomati
net
zinavgbo
13
january
2013
02
48
site
can
follow
responses
play
slots
free
simply
click
game
like
wait
game
igrovieavtomati
net
zonaxgqu
12
january
2013
20
34
site
can
follow
responses
play
slots
free
simply
click
game
like
wait
game
igrovieavtomati
net
zinaegxu
12
january
2013
12
05
site
can
follow
responses
play
slots
free
simply
click
game
like
igrovieavtomati
net
leownaxgvx
21
december
2012
20
13
free
site
check
online
viruses
virustotal
com
leoinaagdy
17
december
2012
09
33
surgery
assistant
surgeon
command
scalpel
swab
clamp
swab
alcohol
clamp
swab
alcohol
alcohol
remember
ivey
10
november
2012
08
13
excellent
beat
like
apprentice
amend
web
site
subscribe
phorum
website
account
aided
acceptable
deal
tiny
bit
acquainted
broadcast
offered
bright
clear
concept
wish
luck
elfreda
10
november
2012
06
40
really
good
webmaster
site
loading
speed
incredible
seems
unique
trick
moreover
contents
masterpiece
done
magnificent
job
topic
great
jeanene
08
november
2012
15
27
article
sli
ics
uci
edu
gives
light
can
observe
reality
great
dean
07
november
2012
10
26
hello
really
interesting
thanks
sli
ics
uci
edu
great
fdolxitfhpd
25
september
2012
17
20
1047
1076
1088
1072
1089
1090
1074
1091
1081
1090
1077
1055
1088
1077
1076
1083
1072
1075
1072
1102
1082
1091
1087
1080
1090
1100
1091
1074
1072
1089
1089
1089
1099
1083
1082
1080
1080
1088
1077
1082
1083
1072
1084
1085
1099
1077
1084
1077
1089
1090
1072
1041
1102
1076
1078
1077
1090
1076
1086
60000
1088
1057
1090
1091
1095
1080
1090
1077
1074
icq
611331083
1086
1090
1074
1077
1095
1091
1074
1089
1077
1084
1053
1072
1092
1086
1088
1091
1084
1077
1073
1099
1074
1072
1102
1088
1077
1076
1082
1086
1090
1072
1082
1095
1090
1086
1083
1091
1095
1096
1077
1087
1080
1096
1080
1090
1077
1074
1072
1089
1102
fdolaojztyl
19
september
2012
11
19
1047
1076
1088
1072
1089
1090
1074
1091
1081
1090
1077
1055
1088
1077
1076
1083
1072
1075
1072
1102
1082
1091
1087
1080
1090
1100
1091
1074
1072
1089
1089
1089
1099
1083
1082
1080
1080
1088
1077
1082
1083
1072
1084
1085
1099
1077
1084
1077
1089
1090
1072
1041
1102
1076
1078
1077
1090
1076
1086
60000
1088
1057
1090
1091
1095
1080
1090
1077
1074
icq
611331083
1086
1090
1074
1077
1095
1091
1074
1089
1077
1084
1053
1072
1092
1086
1088
1091
1084
1077
1073
1099
1074
1072
1102
1088
1077
1076
1082
1086
1090
1072
1082
1095
1090
1086
1083
1091
1095
1096
1077
1087
1080
1096
1080
1090
1077
1074
1072
1089
1102
spawnet
09
september
2012
21
38
1053
1072
1096
1105
1083
1095
1090
1086
1080
1089
1082
1072
1083
1089
1087
1072
1089
1080
1073
1086
1072
1074
1090
1086
1088
1091
1057
1091
1074
1072
1078
1077
1085
1080
1077
1084
spawnet
credolze
05
september
2012
11
37
1
1055
1088
1086
1075
1086
1085
1087
1086
1087
1088
1086
1092
1080
1083
1103
1084
1042
1089
1077
1075
1086
1942
1087
1088
1086
1092
1080
1083
1103
1074
1089
1077
1089
1072
1081
1090
1099
1089
1087
1088
1086
1092
1080
1083
1103
1084
1080
1080
1084
1077
1102
1090
1074
1080
1085
1076
1077
1082
1089
1077
1071
1085
1076
1077
1082
1089
1072
1086
1090
50
1089
1090
1088
1072
1085
1080
1094
1074
1087
1088
1086
1092
1080
1083
1103
1093
1087
1088
1086
1089
1090
1072
1074
1083
1103
1077
1090
1089
1103
1072
1082
1090
1080
1074
1085
1072
1103
1089
1089
1099
1083
1082
1072
1084
1077
1089
1090
1072
1084
1080
1089
1072
1085
1082
1086
1088
1072
1084
1080
1084
1077
1089
1090
1072
1084
1080
1080
1073
1077
1079
1072
1085
1082
1086
1088
1086
1074
1048
1079
1085
1080
1093
776
1087
1088
1086
1092
1080
1083
1077
1081
1080
1084
1077
1102
1090
1090
1080
1094
1086
1090
10
1080
1074
1099
1096
1077
1055
1086
1083
1103
1048
1084
1103
1083
1086
1075
1080
1085
icq
1089
1090
1088
1072
1085
1072
1075
1086
1088
1086
1076
1079
1072
1087
1086
1083
1085
1103
1102
1090
1089
1103
1091
1085
1080
1082
1072
1083
1100
1085
1099
1084
1080
1079
1085
1072
1095
1077
1085
1080
1103
1084
1080
1055
1086
1083
1103
1091
1074
1083
1077
1095
1077
1085
1080
1103
1080
1079
1072
1085
1103
1090
1080
1077
1079
1072
1087
1086
1083
1085
1103
1102
1090
1077
1084
1072
1090
1080
1095
1077
1089
1082
1080
1084
1090
1077
1082
1089
1090
1086
1084
1076
1083
1103
1089
1072
1081
1090
1072
1087
1080
1096
1077
1090
1089
1103
1090
1077
1084
1072
1090
1080
1095
1077
1089
1082
1080
1081
1090
1077
1082
1089
1090
1087
1088
1080
1084
1077
1088
1085
1086
3
1087
1088
1077
1076
1083
1086
1078
1077
1085
1080
1103
1076
1077
1083
1072
1077
1090
1089
1103
1074
1072
1088
1080
1072
1094
1080
1103
1076
1083
1103
1091
1085
1080
1082
1072
1083
1100
1085
1086
1089
1090
1080
1057
1088
1086
1082
1080
1087
1088
1086
1075
1086
1085
1072
1
2
1089
1091
1090
1086
1082
1054
1090
1095
1105
1090
1087
1086
1083
1085
1099
1081
1074
1089
1077
1091
1088
1083
1099
1089
1089
1089
1099
1083
1082
1086
1081
1085
1072
1074
1072
1096
1089
1072
1081
1090
1057
1090
1086
1080
1084
1086
1089
1090
1100
1087
1088
1086
1075
1086
1085
1072
20
2
1055
1088
1086
1075
1086
1085
1087
1086
1092
1086
1088
1091
1084
1072
1084
1042
1089
1077
1075
1086
3000
1092
1086
1088
1091
1084
1086
1074
1075
1076
1077
1084
1086
1078
1085
1086
1086
1089
1090
1072
1074
1080
1090
1100
1089
1074
1086
1105
1089
1086
1086
1073
1097
1077
1085
1080
1077
1048
1079
1085
1080
1093
390
1092
1086
1088
1091
1084
1086
1074
1080
1084
1077
1102
1090
1090
1080
1094
1086
1090
10
1080
1074
1099
1096
1077
1058
1077
1082
1089
1090
1086
1073
1100
1103
1074
1083
1077
1085
1080
1103
1080
1074
1072
1088
1080
1072
1094
1080
1102
1082
1085
1077
1084
1091
1087
1080
1096
1091
1089
1072
1084
1057
1088
1086
1082
1080
1087
1088
1086
1075
1086
1085
1072
1
2
1089
1091
1090
1086
1082
1054
1090
1095
1105
1090
1087
1086
1083
1085
1099
1081
1074
1089
1077
1091
1088
1083
1099
1089
1089
1089
1099
1083
1082
1086
1081
1085
1072
1074
1072
1096
1089
1072
1081
1090
1057
1090
1086
1080
1084
1086
1089
1090
1100
1087
1088
1086
1075
1086
1085
1072
20
3
1058
1072
1088
1080
1092
1
2
1057
1088
1086
1082
1087
1088
1086
1075
1086
1085
1072
1
2
1076
1085
1103
1057
1090
1086
1080
1084
1086
1089
1090
1100
1087
1088
1086
1075
1086
1085
1072
35
icq
623935432
ferdyatobc
29
august
2012
21
04
1050
1086
1084
1087
1083
1077
1082
1089
1085
1099
1077
1087
1088
1086
1075
1086
1085
1099
1087
1086
1090
1088
1072
1089
1090
1086
1074
1099
1084
1089
1072
1081
1090
1072
1084
1092
1086
1088
1091
1084
1072
1084
1076
1086
1089
1082
1072
1084
1086
1073
1100
1103
1074
1083
1077
1085
1080
1081
1082
1072
1090
1072
1083
1086
1075
1072
1084
1088
1086
1089
1090
1085
1095
1089
1095
1079
1072
1087
1088
1086
1089
1086
1074
1090
1080
1094
pr
icq
611331083
ferdzosvvq
28
august
2012
00
22
1056
1077
1075
1080
1089
1090
1088
1072
1094
1080
1103
1074
1072
1096
1077
1075
1086
1089
1072
1081
1090
1072
1074
1082
1072
1090
1072
1083
1086
1075
1072
1093
1090
1088
1072
1089
1090
1086
1074
1099
1093
1088
1077
1089
1091
1088
1089
1072
1093
1092
1086
1088
1091
1084
1072
1093
1076
1086
1089
1082
1072
1093
1086
1073
1100
1103
1074
1083
1077
1085
1080
1081
1053
1077
1076
1086
1088
1086
1075
1086
icq
611331083
ferdurnmpk
27
august
2012
19
51
1056
1077
1075
1080
1089
1090
1088
1072
1094
1080
1103
1074
1072
1096
1077
1075
1086
1089
1072
1081
1090
1072
1074
1082
1072
1090
1072
1083
1086
1075
1072
1093
1090
1088
1072
1089
1090
1086
1074
1099
1093
1088
1077
1089
1091
1088
1089
1072
1093
1092
1086
1088
1091
1084
1072
1093
1076
1086
1089
1082
1072
1093
1086
1073
1100
1103
1074
1083
1077
1085
1080
1081
1053
1077
1076
1086
1088
1086
1075
1086
icq
611331083
ferdjhwsfx
27
august
2012
19
29
1056
1077
1075
1080
1089
1090
1088
1072
1094
1080
1103
1074
1072
1096
1077
1075
1086
1089
1072
1081
1090
1072
1074
1082
1072
1090
1072
1083
1086
1075
1072
1093
1090
1088
1072
1089
1090
1086
1074
1099
1093
1088
1077
1089
1091
1088
1089
1072
1093
1092
1086
1088
1091
1084
1072
1093
1076
1086
1089
1082
1072
1093
1086
1073
1100
1103
1074
1083
1077
1085
1080
1081
1053
1077
1076
1086
1088
1086
1075
1086
icq
611331083
ferdwrenkl
27
august
2012
19
07
1056
1077
1075
1080
1089
1090
1088
1072
1094
1080
1103
1074
1072
1096
1077
1075
1086
1089
1072
1081
1090
1072
1074
1082
1072
1090
1072
1083
1086
1075
1072
1093
1090
1088
1072
1089
1090
1086
1074
1099
1093
1088
1077
1089
1091
1088
1089
1072
1093
1092
1086
1088
1091
1084
1072
1093
1076
1086
1089
1082
1072
1093
1086
1073
1100
1103
1074
1083
1077
1085
1080
1081
1053
1077
1076
1086
1088
1086
1075
1086
icq
611331083
ferdlrvayh
27
august
2012
18
48
1056
1077
1075
1080
1089
1090
1088
1072
1094
1080
1103
1074
1072
1096
1077
1075
1086
1089
1072
1081
1090
1072
1074
1082
1072
1090
1072
1083
1086
1075
1072
1093
1090
1088
1072
1089
1090
1086
1074
1099
1093
1088
1077
1089
1091
1088
1089
1072
1093
1092
1086
1088
1091
1084
1072
1093
1076
1086
1089
1082
1072
1093
1086
1073
1100
1103
1074
1083
1077
1085
1080
1081
1053
1077
1076
1086
1088
1086
1075
1086
icq
611331083
ferdfkhgyi
27
august
2012
18
28
1056
1077
1075
1080
1089
1090
1088
1072
1094
1080
1103
1074
1072
1096
1077
1075
1086
1089
1072
1081
1090
1072
1074
1082
1072
1090
1072
1083
1086
1075
1072
1093
1090
1088
1072
1089
1090
1086
1074
1099
1093
1088
1077
1089
1091
1088
1089
1072
1093
1092
1086
1088
1091
1084
1072
1093
1076
1086
1089
1082
1072
1093
1086
1073
1100
1103
1074
1083
1077
1085
1080
1081
1053
1077
1076
1086
1088
1086
1075
1086
icq
611331083
ferdjplhan
27
august
2012
18
05
1056
1077
1075
1080
1089
1090
1088
1072
1094
1080
1103
1074
1072
1096
1077
1075
1086
1089
1072
1081
1090
1072
1074
1082
1072
1090
1072
1083
1086
1075
1072
1093
1090
1088
1072
1089
1090
1086
1074
1099
1093
1088
1077
1089
1091
1088
1089
1072
1093
1092
1086
1088
1091
1084
1072
1093
1076
1086
1089
1082
1072
1093
1086
1073
1100
1103
1074
1083
1077
1085
1080
1081
1053
1077
1076
1086
1088
1086
1075
1086
icq
611331083
ferdblcxyd
27
august
2012
17
40
1056
1077
1075
1080
1089
1090
1088
1072
1094
1080
1103
1074
1072
1096
1077
1075
1086
1089
1072
1081
1090
1072
1074
1082
1072
1090
1072
1083
1086
1075
1072
1093
1090
1088
1072
1089
1090
1086
1074
1099
1093
1088
1077
1089
1091
1088
1089
1072
1093
1092
1086
1088
1091
1084
1072
1093
1076
1086
1089
1082
1072
1093
1086
1073
1100
1103
1074
1083
1077
1085
1080
1081
1053
1077
1076
1086
1088
1086
1075
1086
icq
611331083
ferdcbrkxb
27
august
2012
17
06
1056
1077
1075
1080
1089
1090
1088
1072
1094
1080
1103
1074
1072
1096
1077
1075
1086
1089
1072
1081
1090
1072
1074
1082
1072
1090
1072
1083
1086
1075
1072
1093
1090
1088
1072
1089
1090
1086
1074
1099
1093
1088
1077
1089
1091
1088
1089
1072
1093
1092
1086
1088
1091
1084
1072
1093
1076
1086
1089
1082
1072
1093
1086
1073
1100
1103
1074
1083
1077
1085
1080
1081
1053
1077
1076
1086
1088
1086
1075
1086
icq
611331083
ferdrbwtyd
27
august
2012
14
01
1054
1088
1075
1072
1085
1080
1079
1072
1094
1080
1103
dma
telecom
1087
1088
1077
1076
1086
1089
1090
1072
1074
1083
1103
1077
1090
1091
1089
1083
1091
1075
1080
1074
1089
1077
1084
1080
1088
1085
1086
1075
1086
1088
1086
1091
1084
1080
1085
1075
1086
1074
1086
1075
1086
1089
1077
1088
1074
1080
1089
1072
1086
1089
1091
1097
1077
1089
1090
1074
1083
1103
1103
1073
1077
1089
1087
1083
1072
1090
1085
1099
1077
1074
1093
1086
1076
1103
1097
1080
1077
1079
1074
1086
1085
1082
1080
1073
1086
1083
1077
1077
1095
1077
1084
1074
125
1089
1090
1088
1072
1085
1072
1093
1084
1080
1088
1072
1080
1089
1093
1086
1076
1103
1097
1080
1077
1084
1077
1078
1076
1091
1085
1072
1088
1086
1076
1085
1099
1077
1079
1074
1086
1085
1082
1080
1087
1088
1072
1082
1090
1080
1095
1077
1089
1082
1080
1087
1086
1094
1077
1085
1072
1084
1084
1077
1089
1090
1085
1099
1093
1084
1086
1073
1080
1083
1100
1085
1099
1093
1087
1077
1088
1077
1075
1086
1074
1086
1088
1086
1074
1076
1077
1096
1077
1074
1099
1081
1084
1086
1073
1080
1083
1100
1085
1099
1081
1048
1085
1090
1077
1088
1085
1077
1090
1080
1074
1099
1089
1086
1082
1086
1089
1082
1086
1088
1086
1089
1090
1085
1086
1077
wi
fi
1089
1086
1077
1076
1080
1085
1077
1085
1080
1077
1074
1073
1086
1083
1100
1096
1080
1085
1089
1090
1074
1077
1072
1101
1088
1086
1087
1086
1088
1090
1086
1074
1080
1073
1086
1083
1077
1077
1095
1077
1084
1074
300000
1090
1086
1095
1082
1072
1093
1076
1086
1089
1090
1091
1087
1072
1087
1086
1074
1089
1077
1084
1091
1084
1080
1088
1091
1054
1089
1085
1086
1074
1085
1099
1077
1087
1088
1077
1080
1084
1091
1097
1077
1089
1090
1074
1072
1089
1080
1084
1082
1072
1088
1090
dma
telecom
1069
1082
1086
1085
1086
1084
1080
1103
1076
1086
85
1085
1072
1080
1089
1093
1086
1076
1103
1097
1080
1093
1079
1074
1086
1085
1082
1072
1093
1054
1076
1085
1072
sim
1082
1072
1088
1090
1072
1088
1072
1073
1086
1090
1072
1077
1090
1073
1086
1083
1077
1077
1095
1077
1084
1074
190
1089
1090
1088
1072
1085
1072
1093
1042
1093
1086
1076
1103
1097
1080
1077
1079
1074
1086
1085
1082
1080
1073
1077
1089
1087
1083
1072
1090
1085
1099
1073
1086
1083
1077
1077
1095
1077
1084
1074
125
1089
1090
1088
1072
1085
1072
1093
1042
1093
1086
1076
1103
1097
1080
1077
sms
1089
1086
1086
1073
1097
1077
1085
1080
1103
1073
1077
1089
1087
1083
1072
1090
1085
1099
1074
1086
1074
1089
1077
1084
1084
1080
1088
1077
1054
1090
1089
1091
1090
1089
1090
1074
1091
1077
1090
1086
1087
1083
1072
1090
1072
1079
1072
1089
1086
1077
1076
1080
1085
1077
1085
1080
1077
1069
1082
1086
1085
1086
1084
1080
1103
1085
1072
1088
1086
1091
1084
1080
1085
1075
1077
1084
1086
1073
1080
1083
1100
1085
1086
1075
1086
1080
1085
1090
1077
1088
1085
1077
1090
1072
1057
1082
1086
1088
1086
1089
1090
1085
1086
1081
wi
fi
1073
1086
1083
1077
1077
1095
1077
1084
1074
300000
1090
1086
1095
1082
1072
1093
1074
1084
1080
1088
1077
1050
1086
1085
1090
1088
1086
1083
1100
1080
1089
1090
1086
1088
1080
1080
1080
1089
1090
1086
1080
1084
1086
1089
1090
1080
1079
1074
1086
1085
1082
1086
1074
1074
1050
1072
1073
1080
1085
1077
1090
1077
1095
1077
1088
1077
1079
1089
1072
1081
1090
1054
1087
1088
1077
1076
1077
1083
1077
1085
1080
1077
1087
1086
1083
1086
1078
1077
1085
1080
1103
1089
1074
1086
1080
1093
1090
1077
1083
1077
1092
1086
1085
1086
1074
1085
1072
1082
1072
1088
1090
1077
1084
1080
1088
1072
1053
1077
1090
1077
1078
1077
1084
1077
1089
1103
1095
1085
1099
1093
1087
1083
1072
1090
1077
1078
1077
1081
1085
1077
1086
1075
1088
1072
1085
1080
1095
1077
1085
1085
1099
1081
1089
1088
1086
1082
1076
1077
1081
1089
1090
1074
1080
1103
1082
1072
1088
1090
1099
1088
1072
1073
1086
1090
1072
1077
1090
1080
1074
1059
1082
1088
1072
1080
1085
1077
1044
1077
1090
1072
1083
1100
1085
1091
1102
1089
1090
1086
1080
1084
1086
1089
1090
1100
1079
1074
1086
1085
1082
1086
1074
1074
1099
1084
1086
1078
1077
1090
1077
1087
1086
1089
1084
1086
1090
1088
1077
1090
1100
1085
1072
1089
1090
1088
1072
1085
1080
1094
1077
1090
1072
1088
1080
1092
1086
1074
1057
1080
1084
1082
1072
1088
1090
1099
dma
telecom
1083
1091
1095
1096
1077
1077
1085
1072
1089
1077
1075
1086
1076
1085
1103
1088
1077
1096
1077
1085
1080
1077
1074
1099
1075
1086
1076
1085
1086
1086
1089
1090
1072
1074
1072
1090
1100
1089
1103
1085
1072
1089
1074
1103
1079
1080
1085
1072
1093
1086
1076
1103
1089
1100
1079
1072
1075
1088
1072
1085
1080
1094
1077
1081
1074
1086
1090
1087
1091
1089
1082
1077
1076
1077
1083
1086
1074
1086
1081
1087
1086
1077
1079
1076
1082
1077
1080
1083
1080
1087
1091
1090
1077
1096
1077
1089
1090
1074
1080
1080
1055
1088
1080
1086
1073
1088
1077
1089
1090
1080
1089
1090
1072
1088
1090
1086
1074
1099
1077
1087
1072
1082
1077
1090
1099
1080
1082
1072
1088
1090
1099
1087
1086
1087
1086
1083
1085
1077
1085
1080
1103
1042
1099
1084
1086
1078
1077
1090
1077
1086
1073
1088
1072
1090
1080
1074
1096
1080
1089
1100
1082
1085
1072
1084
1087
1086
1090
1077
1083
1077
1092
1086
1085
1091
1080
1083
1080
1086
1089
1090
1072
1074
1080
1074
1079
1072
1103
1074
1082
1091
1085
1072
email
1056
1072
1073
1086
1090
1072
1077
1084
1079
1072
1085
1072
1083
1080
1095
1085
1099
1081
1088
1072
1089
1095
1077
1090
privat24
1073
1077
1079
1085
1072
1083
1080
1095
1085
1099
1081
1088
1072
1089
1095
1077
1090
1074
1090
1095
1089
1053
1044
1057
1076
1083
1103
1087
1088
1077
1076
1087
1088
1080
1103
1090
1080
1081
webmoney
1053
1072
1093
1086
1076
1080
1084
1089
1103
1074
1088
1085
1077
1084
1053
1072
1091
1095
1085
1072
1103
1087
1088
1080
1087
1086
1082
1091
1087
1082
1077
1086
1090
5
1082
1072
1088
1090
1086
1095
1077
1082
1076
1086
1089
1090
1072
1074
1082
1072
1087
1086
1075
1086
1088
1086
1076
1091
1073
1077
1089
1087
1083
1072
1090
1085
1072
1103
1054
1090
1087
1088
1072
1074
1082
1072
1087
1086
1059
1082
1088
1072
1080
1085
1077
1085
1072
1083
1086
1078
1077
1085
1085
1099
1084
1087
1083
1072
1090
1077
1078
1086
1084
1053
1086
1074
1086
1081
1087
1086
1095
1090
1086
1081
1080
1083
1080
1083
1102
1073
1099
1084
1087
1077
1088
1077
1074
1086
1079
1095
1080
1082
1086
1084
1087
1086
1089
1083
1077
1087
1088
1077
1076
1086
1087
1083
1072
1090
1099
1053
1072
1096
1080
1082
1086
1085
1090
1072
1082
1090
1099
1090
1077
1083
38
057
7554290
1090
1077
1083
1092
1072
1082
1089
38
057
7524375
email
vladimir
woof
dmatelecom
com
www
dmatelecom
com
1055
1088
1080
1075
1083
1072
1096
1072
1077
1084
1082
1089
1086
1090
1088
1091
1076
1085
1080
1095
1077
1089
1090
1074
1091
1090
1091
1088
1080
1089
1090
1080
1095
1077
1089
1082
1080
1077
1072
1075
1077
1085
1090
1089
1090
1074
1072
1090
1088
1072
1085
1089
1087
1086
1088
1090
1085
1099
1077
1082
1086
1084
1087
1072
1085
1080
1080
1080
1082
1088
1091
1087
1085
1099
1077
1087
1088
1077
1076
1087
1088
1080
1103
1090
1080
1103
ferdwoktxx
27
august
2012
10
43
1055
1088
1080
1074
1077
1090
1074
1089
1077
1084
1055
1086
1080
1089
1082
1086
1074
1072
1103
1089
1080
1089
1090
1077
1084
1072
1043
1091
1075
1083
1087
1086
1084
1077
1085
1103
1083
1072
1080
1082
1086
1085
1082
1091
1090
1072
1082
1085
1072
1079
1099
1074
1072
1077
1090
1089
1103
favicon
8212
1079
1085
1072
1095
1086
1082
1074
1077
1073
1089
1072
1081
1090
1072
1086
1090
1086
1073
1088
1072
1078
1072
1077
1084
1099
1081
1073
1088
1072
1091
1079
1077
1088
1086
1084
1088
1103
1076
1086
1084
1089
1072
1076
1088
1077
1089
1085
1086
1081
1089
1090
1088
1086
1082
1086
1081
1087
1077
1088
1077
1076
url
8217
1086
1084
1055
1086
1076
1088
1086
1073
1085
1077
1077
1084
1086
1078
1077
1090
1077
1091
1079
1085
1072
1090
1100
1079
1076
1077
1089
1100
ferdgcczuv
25
august
2012
06
05
1041
1083
1086
1075
1086
1079
1072
1088
1072
1073
1086
1090
1082
1077
1074
1080
1085
1090
1077
1088
1085
1077
1090
1077
1053
1072
1085
1072
1096
1077
1084
1089
1072
1081
1090
1077
1074
1099
1084
1086
1078
1080
1090
1077
1086
1079
1086
1082
1086
1084
1080
1090
1100
1089
1103
1089
1090
1077
1084
1082
1072
1082
1085
1072
1095
1072
1090
1100
1089
1074
1086
1105
1087
1077
1088
1074
1086
1077
1076
1077
1083
1086
1074
1080
1085
1090
1077
1088
1085
1077
1090
1077
1054
1073
1079
1086
1088
1101
1083
1077
1082
1090
1088
1086
1085
1085
1099
1093
1087
1083
1072
1090
1105
1078
1085
1099
1093
1089
1080
1089
1090
1077
1084
1082
1072
1082
1079
1072
1088
1072
1073
1086
1090
1072
1090
1100
1074
1080
1085
1090
1077
1088
1085
1077
1090
1077
1085
1086
1074
1080
1095
1082
1091
1080
1087
1088
1086
1076
1074
1080
1085
1091
1090
1086
1084
1091
1087
1086
1083
1100
1079
1086
1074
1072
1090
1077
1083
1102
ferdifkfpn
22
august
2012
09
58
1050
1086
1084
1087
1083
1077
1082
1089
1085
1086
1077
1087
1088
1086
1076
1074
1080
1078
1077
1085
1080
1077
1089
1072
1081
1090
1072
1050
1072
1090
1072
1083
1086
1075
1080
1087
1088
1086
1092
1080
1083
1080
1092
1086
1088
1091
1084
1099
1090
1088
1072
1089
1090
1086
1074
1099
1077
1089
1072
1081
1090
1072
icq
611331083
fiver
seo
26
july
2012
10
06
nevrnh
great
post
really
looking
forward
read
much
obliged
cheap
oem
software
29
april
2012
14
29
ukfsce
one
awesome
blog
article
really
looking
forward
read
fantastic
b0samuel0b
09
september
2011
19
48
8frzdyl
68psu
e3
lg
xib
hcijgwgtxlqjsjfldw
16
november
2009
07
34
doors
txt
1
2
faggot58
22
october
2009
23
24
worry
somewhat
male
designers
design
men
perhaps
female
designers
osmosis
wife15
21
october
2009
23
47
answer
helps
divide
long
term
arcs
two
categories
plot
arcs
posit
enigmas
mysteries
relationship
character
arcs
clearly
delimited
moment
bob66
12
october
2009
23
41
guy
apologized
profusely
uledfcbhwwnfvgposh
12
october
2009
09
03
doors
txt
10
15
alex78
10
october
2009
09
31
miscellaneous
communications
equipment
prgwloulxhkejhgqdqo
15
september
2009
03
23
doors
txt
10
15
anonymous
14
march
2009
23
18
useful
put
marks
till
date
myeee
get
estimate
stand
anon
13
march
2009
22
33
awaiting
solutions
last
hw
22
february
2009
12
42
want
submit
hw4
electronically
use
hwk2
assignmentsubmission
dropbox
eee
will
new
one
created
hw4
turned
class
thank
sorry
created
hw4
drop
box
need
however
also
turn
hard
copy
class
anything
except
code
appreciate
mitch
17
february
2009
16
52
hi
ben
can
refer
last
quarter's
slides
waiting
slides
class
mean
cs271
fall
2008
offered
prof
dechter
actually
contents
almost
identical
yes
slides
based
slides
previous
versions
271
slides
can
used
want
wait
mine
ben
12
february
2009
12
41
wonder
long
it'll
take
get
lecture
slides
posted
bad
bad
bad
see
waiting
one
day
get
slides
big
deal
many
people
started
homework
vikram
04
february
2009
17
45
sorry
previous
post
mean
textbook
defines
quiescence
slides
define
horizon
effect
vikram
04
february
2009
17
44
seems
like
textbook
defines
quiescence
slides
defined
pg
202
second
edition
textbook
quite
get
textbook
defines
horizon
effect
different
understanding
correct
good
question
quiescence
measure
strong
horizon
effect
will
quiescent
nodes
will
suffer
strong
short
term
horizon
effect
horizon
effect
notion
distance
beyond
algorithm
see
quiescence
property
node
look
little
evaluation
function
will
change
dramatically
nate
04
february
2009
16
07
min
conflicts
algorithm
always
terminate
remember
hill
climbing
greedily
picked
next
solution
get
stuck
local
maximum
seems
min
conflicts
infinitely
loop
trying
moving
variables
without
reaching
solution
bounds
number
attempts
always
can
become
stuck
terminate
non
solution
can
move
randomly
around
plateau
effective
surprising
frequency
mitch
03
february
2009
19
53
think
need
solution
homework
2
midterm
upload
solution
done
anonymous
02
february
2009
08
45
problem
2
homework
2
mean
compactness
write
node
abc
def
ghi
mean
draw
search
tree
nodes
tree
appear
letters
rather
explicit
3x3
states
8
puzzle
simply
meant
rather
drawing
entire
8
puzzle
square
can
just
write
configuration
order
say
left
right
top
bottom
want
draw
entire
square
ok
rohit
24
january
2009
12
26
helpful
can
put
midterm
course
online
thanks
quite
sure
means
mitch
22
january
2009
13
10
least
upload
lecture
slides
within
day
class
like
go
materials
can
still
remember
clearly
rohit
21
january
2009
13
38
probably
can
release
version
class
much
major
changes
second
revised
version
yanhao
14
january
2009
13
37
yeah
yeah
yeah
agree
eh
mean
kim
13
jan
thanks
kim
13
january
2009
15
01
can
powerpoints
available
class
can
print
home
hmm
fair
question
can
try
always
done
editing
see
can
get
habit
kim
08
january
2009
14
44
will
class
powerpoint
available
download
yes
now
posted
syllabus
last
modified
february
13
2013
02
55
bren
school
information
computer
science
university
california
irvine
