
1810 55 
images
1810
1855
births
1811
96a
128b
1814
106
1818
36
37
289
1819
23
1820
211
1822
124
304
354
356
1823
9
11
370
1824
105
148
1825
13
15
373
414
1826
380
1828
183
289
1829
50
236
1830
148
150
243
1831
103
1832
171
54
314
1833
90
398
415
417
1834
86
112
498
1835
107
290
368
1836
184
189
466
482
1837
378
1838
396
1839
141
311
509
1840
55
254
1841
266
291
554
1842
8
292
1843
63
170
335
435
558
1851
401
452
580
1852
467
1853
191
248
431
460
573
575
1854
188
222
378
marriages
sometimes
parts
religious
marriages
1821
21
34
1811
4
1817
22
1819
9
1825
1
1827
38
1828
25
1829
19
20
1832
57
58
1833
12
40
1834
14
26
32
1835
1
1836
56
1837
59
1839
57
1841
18
54
79
1845
18
1846
21
1848
2
26
1850
2
30
deaths
1813
137
1814
18
1819
168
1822
73
1824
20
207
1826
72
273
1827
93
1829
114
1830
9
1831
319
321
1832
93
1832
298
1834
1834
40
54
1836
189
1837
203
1838
231
1840
13
15
1841
34
36
1849
536
