
chd data 
idno
choltot
incchd
hdl
alcoh
bmi
trig
gender
age
diabetes
diabp
sysbp
height
weight
smoke
racebw
3009939
208
76
0
37
0
36
51
168
1
65
2
81
137
178
255
1
0
3024814
246
76
0
50
0
06
30
95
136
0
65
2
65
156
159
172
5
1
0
3026450
201
76
0
51
4
33
31
114
0
65
3
60
119
164
197
5
2
0
3035697
174
76
1
34
0
31
22
332
1
65
1
81
155
181
225
5
2
0
3500152
182
76
1
47
0
30
93
139
0
65
2
75
139
159
5
173
5
2
0
3500187
187
76
0
83
0
24
78
91
0
65
1
57
115
159
5
139
1
0
3500349
157
76
0
45
8
02
21
69
154
0
65
1
54
97
162
125
5
1
0
3500403
227
76
0
33
0
26
55
304
1
65
3
79
130
183
196
1
0
3500870
220
76
0
48
0
27
23
162
0
65
1
73
145
163
159
5
1
0
3500926
233
76
0
47
0
22
63
101
0
65
1
89
139
157
123
1
0
3500985
276
76
0
51
0
20
83
200
0
65
1
67
137
165
125
3
0
3501124
229
76
0
54
0
28
17
123
0
65
2
74
145
159
157
1
0
3501191
203
76
0
39
0
23
08
495
0
65
3
70
129
172
150
5
1
0
3501213
248
76
0
51
0
23
11
125
0
65
1
80
171
156
124
1
0
3501469
211
76
0
52
0
32
87
146
0
65
1
74
134
154
5
173
1
0
3501493
193
76
0
50
5
25
91
81
1
65
1
69
121
178
5
182
1
0
3501752
236
76
1
60
0
24
17
112
0
65
1
69
136
170
154
1
0
3502210
267
76
0
59
0
35
26
195
0
65
3
74
134
160
199
1
0
3502481
206
76
0
62
0
19
83
107
0
65
1
62
97
165
119
3
0
3502716
294
76
0
73
0
22
83
104
0
65
1
75
134
165
137
1
0
3502775
155
76
0
48
0
23
34
98
1
65
1
65
114
175
5
158
5
2
0
3502848
238
76
0
35
0
27
77
471
1
65
1
72
132
183
205
2
0
3503127
202
76
0
47
0
35
78
140
0
65
1
74
107
162
207
1
0
3503259
210
76
0
46
0
30
61
130
1
65
1
93
186
173
202
2
0
3503380
211
76
0
45
0
29
26
201
0
65
1
68
140
153
151
2
0
3503488
196
76
0
58
1
25
23
8
87
0
65
1
62
102
159
5
133
5
3
0
3503526
249
76
0
51
0
02
37
53
141
0
65
1
78
138
162
5
218
5
1
0
3503682
211
76
0
53
0
21
48
67
0
65
1
63
98
156
5
116
2
0
3503704
224
76
0
80
0
27
73
97
0
65
1
73
155
160
156
5
2
0
3503720
203
76
0
66
0
04
25
99
127
0
65
1
69
142
165
156
1
0
3504000
202
76
0
77
0
22
06
107
0
65
1
82
134
163
5
130
1
0
3504123
271
76
0
64
0
02
18
29
133
0
65
1
52
107
157
5
100
1
0
3504174
120
76
0
66
0
33
84
80
0
65
3
76
121
160
191
1
0
3504271
202
76
0
60
5
22
09
90
0
65
1
73
118
155
117
2
0
3504387
180
76
0
33
0
25
55
233
1
65
1
79
132
180
5
183
5
2
0
4029305
212
76
0
68
0
33
27
74
84
0
65
1
65
124
161
158
5
1
0
4500539
250
76
0
61
0
5
38
08
141
0
65
1
83
131
154
2
199
6
1
0
4500750
242
76
0
52
0
29
04
232
0
65
3
73
110
157
6
159
2
0
4501080
210
76
0
48
0
22
58
81
0
65
1
71
111
164
3
134
4
2
0
4501241
191
76
0
48
0
36
43
128
0
65
1
71
124
158
6
202
1
0
4501390
221
76
0
54
5
5
27
54
145
1
65
1
94
160
181
9
200
9
2
0
4501748
210
76
0
47
16
27
43
96
1
65
1
84
135
172
9
180
8
2
0
4501926
190
76
0
41
7
75
24
97
261
1
65
1
72
116
170
5
160
3
0
4502078
262
76
0
62
7
25
25
38
136
0
65
1
86
184
155
4
135
1
1
0
4502159
251
76
0
82
16
22
39
283
0
65
1
84
154
168
139
3
3
0
4502485
187
76
0
44
0
04
20
78
104
0
65
1
62
99
162
5
121
2
0
4502728
221
76
0
60
1
25
22
08
151
0
65
1
79
148
151
6
111
9
2
0
4502760
292
76
0
53
1
02
28
13
117
0
65
2
58
100
158
5
155
8
1
0
4502841
224
76
0
75
0
5
26
69
164
0
65
1
67
123
156
7
144
5
2
0
4503155
201
76
0
54
7
22
55
81
0
65
1
88
161
165
2
135
7
2
0
4503929
204
76
0
71
2
20
65
104
0
65
1
68
97
154
8
109
1
1
0
4504011
184
76
0
36
0
52
30
98
103
0
65
2
65
118
160
2
175
3
3
0
4504089
210
76
0
52
0
23
42
71
0
65
1
63
114
169
2
147
8
2
0
4504500
236
76
1
53
15
34
97
217
1
65
2
75
149
166
8
214
5
2
0
5003164
170
76
0
50
0
24
26
123
0
65
1
70
148
158
133
5
1
0
5020549
244
76
0
36
0
25
27
57
245
1
65
1
64
119
163
161
5
2
0
5034973
222
76
0
73
0
29
07
111
0
65
1
47
120
158
5
161
1
0
5500494
227
76
0
36
0
28
34
166
0
65
1
51
115
157
5
155
3
0
5500591
206
76
0
63
1
24
11
115
1
65
1
59
105
168
150
1
0
5500680
207
76
0
49
7
25
21
65
153
1
65
1
54
106
177
149
5
2
0
5500737
210
76
0
60
0
04
32
94
146
0
65
2
78
128
153
170
1
0
5500753
231
76
0
53
0
41
91
156
0
65
1
52
97
162
5
244
3
0
5500893
188
76
0
50
0
35
88
123
0
65
2
64
122
166
218
1
0
5501709
168
76
0
66
0
24
23
59
1
65
1
43
88
175
5
164
5
1
0
5501970
200
76
0
50
0
29
36
138
1
65
1
67
134
167
180
5
1
0
5501989
170
76
0
34
0
31
32
154
1
65
1
64
124
179
5
222
5
1
0
5502047
243
76
0
71
0
02
23
13
229
0
65
1
67
117
169
5
146
5
1
0
5502381
165
76
0
53
1
23
56
83
1
65
1
65
110
182
5
173
2
0
5502403
246
76
0
45
0
06
29
44
289
0
65
1
81
138
151
148
1
0
5502810
252
76
0
62
0
02
34
76
192
0
65
1
70
142
156
186
5
2
0
5502861
233
76
0
41
3
04
22
4
237
1
65
1
43
116
178
156
5
2
0
5504872
174
76
0
37
7
25
28
54
107
1
65
1
76
132
184
213
3
0
5505178
207
76
0
87
1
02
29
41
106
0
65
1
67
107
160
5
167
1
0
5505216
169
76
0
40
0
43
24
144
1
65
1
64
150
172
282
2
0
5505518
241
76
0
57
0
26
42
109
0
65
3
65
141
161
151
2
0
5506662
188
76
0
53
0
06
24
94
106
0
65
1
67
104
169
5
158
2
0
5506794
272
76
0
54
0
29
45
124
0
65
1
75
122
154
5
155
1
0
5506875
231
76
0
52
2
5
31
6
108
0
65
1
57
89
166
192
1
0
5507049
237
76
0
74
0
24
24
82
0
65
1
86
122
165
145
5
3
0
6045294
255
76
0
33
0
32
62
196
0
65
3
70
107
156
175
2
0
6500226
230
76
0
29
2
41
98
231
0
65
1
69
116
170
267
5
2
0
6501117
211
76
0
37
0
30
69
303
0
65
3
66
129
164
182
2
0
6501150
206
76
0
48
1
02
26
55
95
0
65
2
71
138
159
148
1
0
6501214
199
76
0
46
0
26
59
182
1
65
3
63
127
180
5
191
2
0
6501281
239
76
0
69
1
26
02
83
0
65
1
52
89
159
145
1
0
6501290
191
76
0
76
37
24
22
90
0
65
1
70
141
153
125
2
0
6501478
229
76
0
37
0
02
28
24
135
1
65
1
78
140
181
204
1
0
6501710
213
76
0
88
7
02
24
76
65
0
65
1
68
131
159
138
1
0
6501788
278
76
0
44
0
26
2
157
0
65
3
68
123
159
146
2
0
6502008
245
76
0
100
7
02
19
96
268
0
65
1
77
146
143
8
91
2
0
6502288
220
76
0
64
0
52
24
6
89
0
65
1
73
127
156
132
3
1
6502466
289
76
0
91
0
1
25
22
100
0
65
1
76
127
167
5
156
2
0
6502520
206
76
0
52
0
02
30
31
190
0
65
3
69
142
159
5
170
2
0
6503616
253
76
0
57
0
08
25
74
145
0
65
1
78
148
156
5
139
1
0
6503667
215
76
0
36
0
40
65
565
1
65
2
80
133
165
244
3
0
6503683
206
76
0
50
0
22
2
112
1
65
3
70
128
188
173
2
0
6503691
194
76
0
72
0
24
32
81
0
65
1
75
132
161
139
1
0
3000613
244
76
0
54
3
25
24
43
294
0
66
3
96
178
165
5
147
5
2
0
3002209
189
76
0
95
1
23
08
65
0
66
1
58
90
163
5
136
2
0
3002225
262
76
0
36
1
28
36
287
1
66
3
75
144
168
5
177
5
3
0
3003540
150
76
0
65
0
25
20
87
95
0
66
1
83
144
162
5
121
5
3
0
3005704
213
76
0
46
0
22
26
204
0
66
1
51
129
161
5
128
2
0
3006450
187
76
0
55
0
5
19
17
97
0
66
1
59
109
168
5
120
2
0
3006786
217
76
1
67
0
75
19
94
96
0
66
1
66
120
156
107
3
1
3010570
181
76
0
92
0
30
17
169
0
66
2
58
128
171
194
5
2
0
3011020
189
76
0
71
0
28
106
0
66
1
62
122
161
160
1
0
3011097
217
76
0
36
0
06
31
15
155
1
66
1
88
139
182
227
5
2
0
3011550
237
76
0
66
0
22
74
151
0
66
1
64
152
156
122
1
0
3012026
232
76
0
62
0
25
30
81
96
0
66
1
65
98
157
5
168
5
1
0
3012174
183
76
0
61
0
24
07
96
0
66
3
73
147
158
132
5
1
0
3013413
144
76
0
55
0
23
08
148
0
66
1
72
157
151
116
3
0
3013880
151
76
0
42
0
30
93
207
0
66
3
68
114
156
5
167
2
0
3014460
260
76
0
42
0
23
42
163
1
66
1
64
110
182
171
3
0
3016684
204
76
0
44
0
23
8
109
1
66
1
64
113
168
5
149
2
0
3017826
156
76
0
42
0
30
41
72
1
66
1
82
159
169
191
5
1
0
3017877
170
76
0
32
0
5
21
9
102
1
66
1
60
87
178
153
2
0
3019985
174
76
0
67
0
02
28
7
86
0
66
1
53
93
164
170
2
1
0
3020835
178
76
0
33
0
21
9
142
1
66
1
97
154
174
5
147
2
0
3021092
197
76
0
70
0
19
01
73
0
66
1
76
125
162
110
1
0
3022072
270
76
0
33
0
29
18
600
0
66
3
78
151
163
5
172
1
0
3023630
221
76
0
57
0
25
25
77
249
0
66
1
75
99
162
5
150
2
0
3024920
189
76
0
29
0
24
26
224
1
66
1
88
126
173
5
161
3
0
3025004
231
76
0
57
0
25
29
53
116
0
66
1
85
133
163
173
1
0
3025500
253
76
0
32
1
02
26
11
151
1
66
1
92
118
191
210
2
0
3025942
195
76
1
37
0
27
66
135
1
66
2
88
134
176
5
190
1
0
3027023
219
76
0
43
0
26
98
138
1
66
1
66
114
172
176
1
0
3027414
165
76
0
60
0
27
47
65
138
0
66
1
66
122
167
293
2
0
3028283
124
76
0
52
0
20
84
79
1
66
1
69
139
179
5
148
3
1
3029166
179
76
0
55
1
26
02
183
0
66
1
64
111
159
145
2
0
3030431
184
76
1
45
0
23
28
137
1
66
1
83
156
176
159
3
0
3031365
221
76
0
44
0
25
21
95
191
1
66
1
77
123
188
171
3
0
3033023
176
76
0
47
0
26
41
93
0
66
1
75
163
160
5
150
1
1
3033074
232
76
0
62
0
5
36
3
116
0
66
1
73
126
156
5
196
1
0
3034089
199
76
0
54
0
22
46
151
0
66
1
77
125
164
5
134
1
0
3035913
185
76
0
50
1
25
25
94
82
0
66
2
83
144
154
5
136
5
2
0
3036103
173
76
0
44
0
22
57
125
0
66
1
65
121
161
129
1
0
3036847
174
76
0
77
0
25
28
54
0
66
1
55
100
158
5
140
1
0
3039102
222
76
0
39
0
22
28
164
0
66
1
74
118
163
130
5
1
0
3040500
172
76
0
37
0
54
37
3
472
0
66
2
73
138
163
218
5
1
0
3042618
177
76
0
42
0
24
61
99
1
66
1
74
111
172
160
5
2
0
3042723
216
76
0
49
0
02
24
21
82
1
66
1
81
151
179
171
3
0
3043274
176
76
0
38
0
5
27
87
78
1
66
2
81
155
177
192
5
2
0
3044599
217
76
0
35
0
33
88
137
0
66
1
75
132
153
5
176
1
0
3045102
219
76
0
69
0
20
78
102
0
66
1
62
99
162
5
121
1
0
3045374
182
76
0
31
0
34
34
129
0
66
1
67
166
172
224
2
0
3045420
252
76
1
51
1
25
26
52
128
1
66
2
86
134
174
177
2
0
3047377
200
76
0
61
0
5
30
46
155
0
66
1
85
141
157
165
5
3
0
3048098
182
76
1
34
0
32
56
195
1
66
3
72
129
179
230
1
0
3048934
177
76
0
49
0
27
28
75
0
66
1
67
104
173
180
2
0
3048950
175
76
0
77
17
25
1
75
0
66
1
74
149
151
5
127
3
0
3500225
162
76
0
29
0
27
27
72
162
1
66
2
71
126
188
216
2
0
3500560
252
76
0
67
0
23
07
76
0
66
1
74
128
155
5
123
1
0
3501264
257
76
0
64
0
06
23
99
151
0
66
2
74
136
165
144
2
0
3501680
260
76
0
66
0
32
29
278
0
66
2
73
146
162
5
188
1
0
3501841
164
76
0
67
0
23
11
69
1
66
3
58
105
177
5
160
5
2
0
3502058
198
76
0
70
0
27
55
63
0
66
1
82
135
159
5
154
5
2
0
3502120
179
76
0
59
0
02
26
68
53
1
66
1
69
113
169
168
1
1
3502333
164
76
0
60
0
19
38
79
0
66
1
67
119
156
104
2
0
3502341
236
76
0
49
0
25
76
408
0
66
3
76
123
172
168
3
0
3502414
270
76
0
60
0
27
05
137
0
66
3
70
132
157
147
3
0
3502554
224
76
0
42
0
22
78
182
0
66
1
81
154
161
5
131
2
0
3502600
163
76
0
62
0
42
35
155
0
66
3
75
134
161
5
243
5
1
1
3502627
192
76
1
76
0
15
8
81
0
66
1
63
101
162
5
92
1
0
3502821
212
76
0
33
0
33
14
290
1
66
3
80
144
182
242
2
0
3502864
189
76
0
40
0
26
91
138
1
66
2
91
148
182
196
5
2
0
3503143
195
76
0
54
2
27
34
99
135
0
66
2
86
173
164
207
5
2
0
3503224
205
76
0
58
0
25
4
86
1
66
1
80
115
183
187
5
2
0
3503542
232
76
0
41
0
22
56
134
1
66
1
73
114
178
5
158
5
2
0
3503984
183
76
0
36
4
26
78
373
1
66
3
69
126
177
185
3
0
3504050
219
76
0
53
0
27
42
82
0
66
1
75
155
153
141
5
3
0
3504077
244
76
0
72
0
04
32
66
80
0
66
1
77
122
160
5
185
5
3
1
3504158
244
76
0
57
23
24
41
104
0
66
1
89
132
170
155
5
1
0
3504379
236
76
0
70
0
25
39
79
0
66
1
77
146
168
158
1
0
3504484
205
76
0
49
1
27
36
94
0
66
1
64
107
154
5
144
1
0
4001109
252
76
0
65
0
32
78
208
0
66
2
75
128
151
2
165
2
3
0
4001648
221
76
1
59
7
30
69
91
0
66
2
90
160
153
1
158
6
1
0
4001869
242
76
0
74
0
26
65
131
0
66
1
76
149
157
3
145
4
1
0
4002601
287
76
0
47
2
28
15
568
0
66
3
61
131
162
3
163
5
1
0
4003233
235
76
0
37
24
5
33
69
204
1
66
2
76
127
169
1
212
4
2
0
4004256
229
76
1
21
0
27
77
710
1
66
3
78
125
176
4
190
5
2
0
4004515
149
76
0
61
0
23
69
82
0
66
1
70
130
158
8
131
7
1
0
4004892
253
76
1
50
7
56
32
137
1
66
3
89
172
178
223
5
2
0
4005120
190
76
0
67
0
26
86
76
0
66
1
85
163
152
5
137
7
1
0
4006780
127
76
0
83
0
75
28
83
45
0
66
1
86
148
155
4
153
5
2
0
4007590
235
76
0
59
0
30
51
181
1
66
1
83
148
179
2
216
2
0
4007727
220
76
1
91
0
29
63
158
0
66
1
92
149
153
8
154
5
1
0
4008448
181
76
0
42
3
75
22
71
144
1
66
1
81
141
178
1
158
8
3
0
4011570
198
76
0
79
3
02
25
82
66
0
66
1
91
154
164
1
153
3
2
0
4012798
139
76
0
67
0
38
17
103
0
66
1
85
155
153
2
197
5
1
0
4013301
180
76
1
46
3
25
29
58
84
1
66
1
74
142
165
3
178
2
1
0
4013832
183
76
0
96
28
02
21
61
99
0
66
1
66
122
159
5
121
2
2
0
4019113
251
76
0
60
0
25
29
24
105
0
66
1
67
107
160
165
1
0
4020243
198
76
0
52
7
5
24
61
83
1
66
2
72
119
178
3
172
5
1
0
4022319
180
76
1
43
0
45
26
210
0
66
1
103
160
160
4
256
7
2
0
4027280
206
76
0
60
1
02
30
37
95
0
66
1
63
134
158
3
167
8
2
0
4027507
285
76
1
64
0
31
87
171
1
66
3
90
184
177
3
220
9
2
0
4028309
181
76
0
30
1
02
28
74
248
1
66
1
70
120
170
1
183
3
2
0
4029291
171
76
0
86
7
5
24
6
104
0
66
1
65
109
159
8
138
5
2
0
4030010
227
76
0
46
8
31
75
184
0
66
3
94
137
166
3
193
6
1
0
4037375
231
76
0
94
1
31
67
60
0
66
3
68
138
162
7
184
8
3
0
4038118
160
76
0
69
4
24
23
82
0
66
1
63
102
163
2
142
3
2
0
4038614
282
76
1
46
0
27
71
136
0
66
1
60
106
163
1
162
5
3
0
4039025
186
76
0
64
0
22
69
109
0
66
1
78
130
160
1
128
2
1
0
4040139
279
76
0
138
21
02
24
04
82
0
66
1
68
117
158
132
3
2
0
4046854
192
76
1
63
0
17
98
66
1
66
1
84
141
175
121
4
3
0
4055179
163
76
0
48
0
21
89
88
1
66
1
65
110
175
4
148
5
1
0
4056639
288
76
0
46
7
02
27
47
192
0
66
1
70
120
150
9
137
9
2
0
4059468
287
76
0
73
17
5
30
97
109
0
66
1
66
124
172
1
202
2
1
0
4501020
195
76
0
69
21
25
21
42
72
1
66
1
70
120
172
2
140
2
0
4501403
280
76
0
38
0
24
31
119
1
66
1
78
121
180
2
174
1
0
4501527
285
76
0
69
2
25
11
113
0
66
3
73
142
152
3
128
4
2
0
4501950
183
76
0
55
0
22
1
93
0
66
1
80
160
170
1
141
1
0
4502329
196
76
0
75
1
19
01
102
0
66
1
62
117
152
7
97
7
1
0
4502663
236
76
0
79
35
27
1
94
0
66
1
72
141
166
4
165
4
1
0
4502914
160
76
0
36
0
34
48
178
1
66
1
85
133
178
8
243
1
0
4503147
288
76
0
86
15
22
76
65
0
66
1
83
140
158
1
125
4
2
0
4503350
307
76
0
41
14
25
64
283
1
66
1
56
125
178
2
179
5
2
0
4503562
241
76
0
64
0
25
27
96
126
0
66
2
80
136
160
3
158
4
1
0
4503686
180
76
0
64
0
26
13
106
0
66
1
63
108
169
8
166
1
1
0
4503732
250
76
0
72
1
25
26
07
136
0
66
1
79
153
150
8
130
7
1
0
4503996
236
76
1
54
0
25
24
56
192
1
66
1
85
132
174
2
164
3
2
0
4504275
204
76
0
45
0
04
25
64
118
1
66
1
79
137
188
3
200
4
1
0
4504470
211
76
0
41
1
27
42
109
0
66
3
61
144
154
4
144
1
2
0
4504747
220
76
1
97
14
22
56
97
0
66
1
84
143
161
128
9
2
0
5000793
261
76
0
41
0
04
25
77
116
1
66
1
63
124
178
180
2
0
5000980
261
76
0
51
0
02
22
11
156
1
66
1
64
101
165
5
133
5
1
0
5001625
232
76
0
45
0
46
51
107
0
66
1
77
148
158
256
1
0
5005116
152
76
0
38
0
5
21
57
234
0
66
2
40
99
155
5
115
1
0
5005329
196
76
1
48
0
25
25
52
86
1
66
1
67
118
171
164
5
1
0
5005450
231
76
0
62
0
29
25
84
289
0
66
1
67
121
159
144
3
0
5006970
199
76
0
61
0
25
24
71
1
66
1
64
119
168
5
158
1
0
5009383
157
76
0
36
0
02
31
96
109
0
66
2
69
128
153
5
166
1
0
5010268
292
76
0
46
0
35
69
207
0
66
1
62
124
156
191
5
3
0
5010578
182
76
0
47
0
30
66
143
0
66
1
74
124
156
164
5
1
0
5011400
198
76
0
39
0
27
81
241
0
66
1
60
122
167
171
1
0
5011906
189
76
0
36
0
06
24
6
161
1
66
2
67
126
176
168
1
0
5012007
175
76
0
54
0
38
4
172
0
66
2
55
103
167
5
237
5
3
0
5012716
172
76
0
81
0
04
23
7
91
0
66
1
52
114
175
160
1
0
5013798
229
76
0
47
0
25
26
44
116
1
66
1
67
137
168
5
165
5
1
0
5014999
232
76
0
57
0
02
30
05
68
1
66
2
76
129
163
176
2
0
5018110
186
76
1
40
0
29
7
112
1
66
3
75
139
187
229
3
0
5019605
146
76
0
62
0
24
54
77
0
66
1
95
124
155
130
1
0
5020468
232
76
0
34
0
37
27
471
0
66
3
68
142
164
221
2
0
5022134
180
76
0
46
0
29
35
76
1
66
1
81
135
170
187
2
0
5022533
181
76
0
60
0
41
25
83
0
66
1
73
150
158
227
2
1
5024137
177
76
1
51
0
25
22
06
129
0
66
2
72
130
163
5
130
2
0
5025206
221
76
0
42
0
29
86
141
0
66
3
55
150
173
197
2
0
5026865
270
76
0
49
0
21
95
189
0
66
1
74
134
162
127
2
0
5027985
166
76
0
80
14
02
20
06
67
0
66
1
50
102
157
109
3
0
5029430
201
76
0
67
0
5
25
57
64
0
66
1
74
129
169
161
2
0
5031435
211
76
0
77
7
24
82
71
0
66
1
81
107
149
121
5
1
0
5033438
240
76
0
45
0
35
09
157
1
66
3
94
168
173
231
5
2
0
5034680
211
76
0
34
0
32
39
182
1
66
1
64
118
182
236
5
2
0
5034698
180
76
0
92
11
25
12
71
1
66
1
70
126
178
175
5
3
0
5035945
212
76
0
53
0
24
23
93
0
66
1
57
104
169
5
153
5
2
0
5039339
219
76
0
39
0
26
47
151
1
66
1
69
149
163
5
156
3
0
5039622
213
76
0
30
0
28
8
161
0
66
2
61
107
158
158
5
2
0
5040868
258
76
0
50
0
31
27
09
119
0
66
1
56
98
159
151
3
0
5041740
235
76
0
63
0
37
06
148
0
66
1
72
129
166
5
226
5
1
0
5043018
217
76
1
38
0
5
24
09
292
1
66
1
62
120
170
153
5
2
0
5500397
177
76
0
45
0
02
23
19
335
0
66
1
50
107
157
126
1
0
5501377
224
76
1
40
1
25
24
29
226
0
66
3
65
150
155
5
129
5
2
0
5502071
233
76
1
49
0
30
79
105
0
66
1
67
199
154
161
3
0
5502330
252
76
0
79
7
25
24
16
82
0
66
1
74
113
165
145
1
0
5502373
206
76
0
56
7
25
24
61
143
0
66
1
56
118
166
149
5
2
0
5502624
192
76
0
61
7
27
23
58
75
0
66
1
59
122
165
141
5
2
0
5502900
265
76
0
55
0
25
23
126
0
66
2
61
94
162
146
1
0
5504414
206
76
0
49
7
25
34
01
121
0
66
2
71
134
162
5
198
2
0
5505437
207
76
0
51
16
5
24
89
80
1
66
1
76
112
175
5
169
2
0
5506395
212
76
0
45
7
27
24
24
123
1
66
1
72
121
172
5
159
2
0
6000320
179
76
0
81
0
21
78
0
66
1
73
114
161
120
2
0
6002005
231
76
0
53
8
75
22
64
118
1
66
1
71
140
177
156
4
3
0
6002838
179
76
0
47
1
29
25
2
58
1
66
1
85
147
178
5
177
2
0
6002919
267
76
0
46
0
28
16
210
0
66
2
81
142
165
169
2
0
6004636
177
76
0
76
8
26
82
76
1
66
1
78
123
183
198
1
0
6005543
217
76
1
46
5
25
37
91
229
1
66
1
75
145
167
5
234
5
1
0
6005713
202
76
0
57
3
5
23
11
112
1
66
1
81
110
5
180
5
166
2
0
6008534
202
76
0
75
14
23
11
88
0
66
1
64
119
158
5
128
2
0
6010121
196
76
0
57
0
26
51
160
0
66
1
63
104
150
4
132
2
1
0
6010768
191
76
1
36
0
44
15
213
0
66
1
74
153
158
5
244
5
2
0
6011187
233
76
1
47
0
38
15
132
0
66
2
60
136
165
229
2
0
6011594
259
76
0
59
0
75
23
8
123
0
66
1
79
129
164
5
142
2
0
6013465
178
76
0
42
0
22
49
139
1
66
1
75
130
171
145
2
0
6014038
223
76
1
31
1
25
28
94
173
1
66
1
60
101
181
209
3
0
6016316
168
76
0
54
35
24
56
88
1
66
1
67
139
167
151
3
0
6017053
362
76
0
71
2
25
21
61
105
0
66
1
67
106
167
1
133
1
0
6019188
224
76
0
87
2
25
22
8
85
0
66
1
65
139
154
5
120
3
0
6019269
223
76
1
85
2
04
18
52
93
0
66
1
56
88
156
5
100
3
0
6020917
148
76
0
60
0
75
29
94
67
1
66
1
73
147
174
5
201
2
0
6027784
255
76
1
86
0
31
69
103
0
66
3
56
146
156
170
1
0
6028241
113
76
0
42
0
31
69
62
1
66
3
83
150
167
5
196
2
0
6028586
234
76
0
41
0
27
27
13
111
1
66
2
84
130
173
179
2
0
6032346
293
76
0
63
1
5
27
45
70
0
66
1
53
97
156
5
148
2
2
0
6034322
134
76
0
43
0
37
99
93
1
66
3
85
119
165
228
1
0
6034403
219
76
0
65
0
04
25
78
94
0
66
1
58
127
163
151
1
0
6034900
266
76
0
71
0
5
26
37
122
1
66
2
89
137
172
172
1
0
6036341
195
76
0
41
0
24
41
163
1
66
1
72
100
167
5
151
1
0
6037135
234
76
0
73
14
26
06
91
1
66
1
86
140
167
5
161
2
1
0
6037216
221
76
0
51
1
22
35
119
0
66
1
67
106
158
123
1
0
6037321
328
76
0
52
0
31
3
118
0
66
1
62
119
160
6
178
2
0
6037712
246
76
0
55
7
75
25
9
85
1
66
1
83
141
170
165
1
0
6039839
216
76
1
62
0
06
30
27
143
0
66
1
63
142
143
6
137
6
2
0
6042830
198
76
0
57
0
37
92
126
1
66
3
73
152
165
5
229
2
1
6044484
208
76
0
82
15
25
25
68
116
1
66
2
48
99
166
156
2
0
6047858
214
76
0
90
0
23
22
156
0
66
1
60
100
163
136
1
0
6049451
176
76
0
36
1
22
02
214
1
66
1
62
126
174
147
1
0
6050336
215
76
1
66
6
21
04
135
0
66
1
78
109
172
5
138
2
0
6052142
227
76
0
67
14
25
13
144
0
66
1
63
119
152
128
3
0
6500633
161
76
0
45
7
5
22
78
100
1
66
1
73
110
178
5
160
2
0
6500684
151
76
1
51
0
24
74
100
0
66
1
78
137
167
5
153
1
0
6501885
221
76
0
76
0
29
28
101
0
66
1
61
102
161
5
161
2
0
6502156
209
76
0
32
1
25
26
06
193
1
66
2
92
154
166
158
3
2
0
6502385
200
76
0
66
0
04
21
97
64
0
66
1
79
146
160
124
3
0
6502652
298
76
0
64
0
29
07
208
0
66
2
70
155
158
160
2
0
6502750
215
76
0
68
0
25
23
36
293
0
66
1
76
126
159
5
131
1
0
6502768
238
76
0
80
15
26
63
91
0
66
1
65
110
163
156
3
0
6502970
236
76
0
70
35
25
54
222
1
66
2
76
152
167
5
158
2
0
6503012
217
76
1
45
0
43
88
178
0
66
1
74
150
152
5
225
3
0
3000052
288
76
0
64
0
23
76
167
0
67
1
82
159
163
5
140
1
0
3002411
202
76
0
53
0
27
15
152
0
67
2
73
143
164
161
2
0
3002578
222
76
0
56
0
25
24
11
189
0
67
1
83
137
166
146
5
1
0
3003434
163
76
0
60
0
30
64
108
0
67
1
67
118
165
5
185
1
0
3003558
165
76
0
76
1
25
29
35
81
0
67
1
82
147
157
5
160
5
1
0
3005550
224
76
1
48
0
26
07
98
0
67
1
59
101
161
149
1
0
3005623
261
76
0
41
0
24
89
233
0
67
1
68
104
143
5
113
2
0
3006506
177
76
0
51
0
23
79
152
0
67
1
50
113
162
5
138
5
1
0
3007537
206
76
0
66
0
23
84
81
1
67
1
76
124
169
5
151
2
0
3008819
201
76
0
49
14
5
32
07
118
1
67
1
77
136
165
192
5
2
0
3008967
183
76
0
43
0
25
09
98
1
67
1
53
131
173
5
166
5
2
0
3009513
207
76
0
79
0
25
23
79
94
0
67
1
69
163
155
126
2
0
3009629
153
76
1
48
0
22
64
100
1
67
3
68
123
176
5
155
5
2
0
3010031
191
76
0
44
0
24
92
129
1
67
1
99
162
168
5
156
2
0
3011836
223
76
0
44
0
32
24
128
1
67
3
74
148
179
5
229
2
1
3012042
191
76
0
50
0
24
79
167
0
67
1
79
133
156
133
3
0
3013120
180
76
0
57
6
26
81
139
1
67
1
72
120
175
181
3
0
3013251
178
76
1
64
3
22
29
87
1
67
1
87
146
181
161
2
1
3013669
248
76
0
49
0
21
97
201
0
67
1
80
135
168
5
137
5
1
0
3013804
298
76
1
56
0
29
25
207
1
67
3
64
123
175
197
5
1
1
3014738
247
76
1
31
0
32
67
185
0
67
1
76
144
162
189
1
0
3017060
221
76
0
68
0
25
25
8
86
0
67
1
59
102
158
142
3
1
3017575
148
76
0
40
0
29
55
60
0
67
1
77
142
152
150
5
1
0
3020231
264
76
0
74
0
28
17
72
0
67
1
88
159
160
5
160
1
0
3020711
203
76
0
44
0
24
1
305
1
67
1
65
135
181
5
175
2
0
3021459
224
76
0
46
2
25
25
6
247
0
67
1
68
107
160
144
5
3
0
3021890
192
76
0
73
0
22
41
77
0
67
1
72
121
165
134
5
1
0
3022285
248
76
0
53
4
5
22
24
148
0
67
1
52
122
165
133
5
2
0
3022471
186
76
0
47
0
04
29
53
102
0
67
1
65
131
158
162
5
3
0
3025322
190
76
0
75
0
20
02
87
0
67
1
89
169
163
5
118
1
0
3025403
294
76
0
58
0
32
16
170
0
67
1
79
140
169
202
5
1
0
3026280
185
76
1
54
0
25
19
80
1
67
3
90
150
177
5
175
2
1
3028313
252
76
0
46
6
23
27
175
1
67
2
76
155
169
146
5
2
0
3029352
168
76
0
36
1
02
25
03
253
1
67
3
81
123
187
5
194
2
0
3029565
202
76
0
49
15
25
22
63
119
1
67
1
68
143
164
5
135
2
0
3030997
195
76
0
54
2
5
20
08
118
1
67
1
81
151
173
132
5
2
0
3031276
183
76
0
47
0
29
26
118
1
67
1
77
130
167
5
181
2
0
3031462
173
76
0
75
0
16
74
136
0
67
1
49
116
143
5
76
3
0
3033341
201
76
0
48
0
28
91
120
0
67
2
63
105
164
5
172
5
1
0
3034062
245
76
0
70
0
21
05
131
0
67
1
55
126
151
5
106
5
1
0
3034461
230
76
0
42
0
25
34
89
249
0
67
2
61
124
158
192
1
0
3035743
172
76
0
56
0
29
64
164
0
67
1
71
155
174
5
199
1
0
3036456
169
76
0
60
1
24
09
69
1
67
1
104
179
181
174
2
0
3038963
179
76
0
37
0
26
19
386
1
67
1
69
123
178
5
184
2
0
3039226
227
76
0
62
0
23
42
121
0
67
1
67
111
167
144
2
0
3039633
233
76
0
70
0
20
97
131
0
67
1
72
148
156
112
5
1
0
3040399
224
76
0
53
0
25
29
19
105
1
67
1
77
123
172
5
191
5
2
0
3041328
210
76
0
49
0
26
44
178
0
67
1
75
126
169
5
167
5
1
0
3042324
226
76
0
64
0
75
22
79
78
0
67
1
70
130
159
127
1
0
3042600
283
76
0
64
0
26
181
0
67
1
60
110
158
5
144
1
0
3042731
226
76
0
55
0
25
21
23
96
0
67
1
59
100
150
5
106
2
0
3042880
179
76
0
60
0
28
81
163
0
67
1
75
159
165
5
174
1
0
3044424
190
76
0
50
0
27
33
74
79
0
67
1
63
117
170
215
1
1
3045390
207
76
0
43
0
23
8
144
0
67
1
74
116
161
136
2
0
3047512
202
76
1
58
0
24
78
133
0
67
3
86
156
159
5
139
3
0
3048047
245
76
0
46
0
29
63
110
1
67
1
82
144
166
180
1
0
3049469
196
76
0
37
0
24
41
116
1
67
2
72
139
167
5
151
3
1
3500454
132
76
1
56
0
24
29
98
0
67
1
72
138
155
5
129
5
3
0
3500551
213
76
0
60
0
23
59
81
0
67
1
80
134
157
5
129
1
0
3500578
225
76
0
52
14
29
88
113
0
67
2
64
131
163
175
2
0
3500667
218
76
0
67
0
22
61
76
0
67
1
83
164
159
126
1
0
3500772
240
76
0
79
0
02
23
11
132
0
67
1
54
116
152
5
118
5
2
0
3500829
206
76
0
40
1
24
43
166
0
67
2
69
129
163
5
144
2
0
3500888
145
76
0
48
16
33
71
84
1
67
3
91
206
166
5
206
2
0
3501043
183
76
0
45
0
23
62
87
1
67
1
85
138
178
165
1
0
3501159
177
76
1
30
0
28
03
373
1
67
3
75
135
176
5
192
5
2
0
3501353
169
76
1
37
2
24
9
136
1
67
1
77
125
177
172
1
0
3501485
162
76
0
63
8
30
71
93
1
67
1
78
137
171
198
1
0
3501620
225
76
0
81
0
25
21
52
110
1
67
1
70
118
177
5
149
5
2
0
3501728
224
76
0
37
9
23
44
184
1
67
1
66
131
179
5
166
5
1
0
3501736
168
76
0
36
0
5
24
67
264
1
67
1
78
170
171
5
160
1
0
3501787
195
76
0
56
0
25
24
44
74
0
67
1
59
122
158
134
5
2
0
3502570
209
76
0
57
0
29
33
98
0
67
1
69
124
164
5
175
1
0
3503038
244
76
0
63
0
02
21
62
137
0
67
1
76
134
164
5
129
1
0
3503453
226
76
0
44
0
29
64
157
0
67
2
86
157
165
5
179
1
0
3503631
189
76
0
53
22
26
13
124
1
67
1
62
110
170
166
5
2
0
3503763
163
76
0
33
0
26
24
195
0
67
1
63
108
165
157
5
2
0
3503976
178
76
0
60
0
33
58
107
0
67
1
107
156
171
216
5
1
0
3504115
196
76
0
44
0
29
78
146
0
67
1
85
147
166
5
182
3
0
3504298
220
76
0
57
0
21
8
92
0
67
1
84
129
158
120
1
0
3504433
218
76
0
56
2
21
26
152
0
67
1
82
130
167
5
131
5
1
0
3504441
186
76
0
36
0
24
49
166
0
67
1
74
147
165
147
1
0
4001257
180
76
0
39
0
29
51
158
1
67
3
82
139
175
3
199
9
1
0
4001478
228
76
0
39
0
27
41
244
1
67
3
86
186
171
2
177
1
2
0
4001796
214
76
0
57
0
27
25
81
140
0
67
1
69
119
156
138
5
2
0
4003241
251
76
1
69
7
26
06
97
1
67
2
65
132
178
9
183
9
2
0
4005392
199
76
0
62
2
17
49
116
0
67
1
69
109
171
1
112
9
3
0
4005660
203
76
0
73
4
20
38
55
0
67
1
87
141
172
132
9
1
0
4008006
289
76
0
55
0
30
33
104
0
67
1
84
146
159
5
170
1
1
0
4008685
223
76
0
51
14
28
1
189
1
67
1
78
138
167
4
173
6
2
0
4011104
217
76
0
62
0
02
25
08
69
1
67
2
50
129
167
9
155
9
1
0
4012909
279
76
0
80
0
25
31
77
120
0
67
2
89
161
156
7
172
1
0
4014316
211
76
0
51
0
25
25
53
70
0
67
1
75
109
156
8
138
4
1
0
4015916
225
76
1
65
0
29
89
110
0
67
1
49
132
162
4
173
8
2
0
4016190
178
76
0
44
0
25
27
72
139
0
67
2
78
155
166
168
4
1
0
4019040
207
76
0
34
0
25
11
123
1
67
2
57
148
182
7
184
8
1
0
4019644
255
76
0
57
0
44
217
0
67
1
84
130
158
9
244
9
2
0
4019660
209
76
0
66
14
24
72
140
0
67
1
71
148
151
8
125
6
2
0
4022980
238
76
0
63
2
25
28
35
117
0
67
2
67
107
175
191
4
1
0
4024729
185
76
0
93
21
24
87
84
0
67
1
84
135
159
4
139
3
1
0
4025490
238
76
0
42
5
75
26
88
185
0
67
2
70
127
159
2
150
2
1
0
4025946
233
76
0
44
0
27
19
202
0
67
1
77
143
168
9
171
1
0
4028430
248
76
0
50
0
5
23
96
438
0
67
1
58
98
167
4
148
2
0
4028554
210
76
0
84
0
25
20
99
127
0
67
1
66
117
157
3
114
5
1
0
4030850
258
76
0
64
22
25
44
97
1
67
2
91
149
165
6
153
8
2
0
4030990
173
76
0
33
0
06
28
74
242
1
67
1
60
135
163
8
170
2
0
4032152
178
76
0
54
1
25
22
33
99
0
67
1
45
131
173
4
148
1
0
4033582
246
76
0
78
14
22
31
83
0
67
1
78
131
161
5
128
3
2
0
4034228
208
76
0
62
49
27
4
159
0
67
1
76
130
163
6
161
7
2
0
4034538
260
76
0
67
0
02
33
54
147
0
67
1
67
107
160
5
190
5
1
0
4035429
227
76
0
44
9
5
28
27
106
1
67
2
82
136
162
8
165
2
1
0
4035917
216
76
0
51
7
25
23
1
137
1
67
1
83
122
182
7
170
2
0
4036166
222
76
0
92
21
25
21
13
82
0
67
1
85
165
166
4
129
2
0
4037790
170
76
0
75
9
20
73
111
0
67
1
63
118
152
5
106
3
1
0
4038673
270
76
0
45
3
28
38
239
0
67
1
80
152
163
8
167
9
1
0
4038720
250
76
0
49
15
5
32
44
170
1
67
1
81
125
170
5
207
9
2
0
4039041
367
76
0
95
22
22
83
105
0
67
2
77
143
155
7
122
1
0
4040686
172
76
0
39
0
25
29
8
358
1
67
3
67
135
176
3
204
2
1
0
4040732
232
76
0
86
14
23
24
91
0
67
2
67
157
159
7
130
7
1
0
4041054
237
76
0
39
0
31
98
309
0
67
1
77
109
157
1
174
3
0
4042433
236
76
0
66
11
23
86
85
0
67
2
69
127
162
8
139
4
3
0
4044177
263
76
0
53
0
32
94
94
0
67
1
80
156
161
7
189
9
1
0
4046641
268
76
0
59
0
5
26
97
111
0
67
1
86
137
165
1
162
1
1
0
4048032
174
76
0
86
0
23
25
97
0
67
1
67
131
157
4
127
1
1
4048075
257
76
0
49
0
29
58
136
1
67
1
101
158
171
1
190
9
2
0
4048903
212
76
0
54
0
27
87
109
0
67
1
84
152
147
3
133
3
1
0
4048989
245
76
0
62
1
25
21
67
97
0
67
1
55
112
165
8
131
3
2
0
4049586
202
76
0
53
0
27
28
89
129
0
67
1
67
126
158
159
1
0
4049632
222
76
0
46
70
25
05
128
1
67
2
86
149
177
5
174
1
0
4052790
198
76
0
53
1
5
24
2
65
0
67
1
74
136
166
6
148
1
2
0
4053095
150
76
0
39
0
32
61
100
1
67
3
72
115
181
8
237
6
1
0
4053141
223
76
0
39
14
75
27
83
144
1
67
2
72
126
171
9
181
3
1
0
4055284
206
76
0
43
0
25
56
185
1
67
1
92
154
179
9
182
4
1
0
4057708
205
76
0
60
0
25
25
73
109
0
67
1
63
103
171
8
167
4
1
0
4058437
201
76
0
40
0
75
30
1
255
0
67
2
68
119
161
5
173
1
1
0
4058550
242
76
0
102
0
25
25
19
75
0
67
1
60
111
165
1
151
4
2
0
4500300
202
76
0
67
0
27
2
84
0
67
1
77
121
163
8
160
9
1
0
4500601
154
76
0
48
0
5
29
87
132
1
67
1
72
117
172
6
196
2
1
0
4500733
211
76
0
76
0
08
29
19
238
0
67
1
78
130
165
6
176
5
2
0
4500822
286
76
0
59
0
25
13
121
0
67
2
72
114
158
5
139
2
2
0
4501764
210
76
0
46
16
28
52
137
1
67
2
93
138
176
6
196
1
2
0
4501969
248
76
0
65
1
25
26
59
85
1
67
1
69
111
163
5
156
7
1
0
4502043
236
76
0
54
0
27
26
62
102
0
67
1
79
152
155
141
1
0
4502221
182
76
0
59
0
26
49
92
1
67
1
79
146
161
7
152
7
3
0
4503937
144
76
0
44
0
27
33
56
226
1
67
3
88
140
183
3
248
6
1
0
5000319
294
76
0
49
0
02
24
28
124
1
67
1
74
134
179
171
5
2
0
5000505
211
76
0
62
0
25
79
81
0
67
1
75
151
155
5
137
5
1
0
5001536
268
76
0
64
1
24
97
153
0
67
1
69
130
162
144
5
1
0
5001838
157
76
0
40
0
32
65
480
0
67
3
60
147
159
182
2
0
5002559
222
76
0
69
0
26
12
142
0
67
1
67
163
141
114
5
2
0
5003008
187
76
0
58
0
02
24
99
67
1
67
1
67
133
172
163
2
0
5003024
200
76
0
44
0
38
34
197
0
67
1
67
125
156
5
207
1
0
5004926
194
76
0
61
32
21
54
130
1
67
3
70
143
185
162
5
3
0
5006724
281
76
0
56
0
21
01
102
0
67
1
61
136
156
112
7
1
0
5008492
234
76
0
65
0
45
88
198
0
67
3
76
160
158
252
5
1
0
5008948
167
76
1
42
0
36
48
247
1
67
3
53
137
168
227
2
0
5009359
160
76
0
51
0
30
29
92
1
67
3
89
143
168
188
5
2
0
5009928
229
76
0
47
0
25
67
181
1
67
1
70
132
171
165
5
2
0
5011744
188
76
0
47
0
22
43
196
0
67
1
64
113
161
5
129
1
0
5012708
231
76
0
36
0
30
19
367
0
67
2
80
131
168
5
189
1
0
5015014
196
76
0
36
0
26
91
238
0
67
2
77
128
159
150
2
0
5017580
210
76
0
55
1
5
24
72
96
1
67
1
58
102
183
182
5
1
0
5018188
233
76
0
42
0
04
21
37
159
0
67
1
70
117
168
133
1
0
5020387
291
76
1
38
0
25
56
198
1
67
3
86
160
154
5
134
5
2
0
5020484
230
76
0
74
0
25
43
106
0
67
1
78
133
150
5
127
1
0
5022681
220
76
0
65
0
26
18
110
0
67
1
52
106
149
5
129
1
0
5023017
263
76
1
39
7
04
28
8
127
1
67
2
55
91
184
215
2
0
5023866
238
76
0
50
0
5
27
21
118
1
67
1
58
94
172
5
178
5
1
0
5025990
215
76
0
74
0
20
09
79
0
67
1
64
109
152
5
103
1
0
5027330
253
76
0
64
0
23
82
87
0
67
1
73
141
163
139
5
1
0
5028086
196
76
1
35
1
27
23
73
84
1
67
1
61
103
171
153
2
0
5029783
186
76
0
40
0
30
06
227
1
67
1
88
135
189
5
238
1
0
5030374
258
76
0
57
0
27
25
95
0
67
3
81
132
154
142
5
1
0
5031311
260
76
0
42
1
27
78
272
1
67
1
78
131
170
177
2
0
5031540
276
76
0
47
0
21
35
222
0
67
1
74
125
159
119
3
0
5033721
170
76
0
66
0
33
75
74
0
67
1
53
97
148
163
1
0
5034752
260
76
0
68
0
25
28
8
166
0
67
2
69
119
148
5
140
2
0
5035104
226
76
0
61
2
32
67
163
0
67
2
76
161
162
189
2
0
5035953
242
76
0
76
1
21
99
95
0
67
1
61
117
158
121
2
0
5036186
197
76
0
47
2
04
28
66
222
1
67
1
69
119
175
193
5
2
0
5036534
117
76
0
54
2
25
33
31
77
0
67
1
59
108
157
181
1
0
5038200
256
76
1
42
0
31
89
184
0
67
1
60
120
155
5
170
3
0
5038332
213
76
0
52
0
29
63
210
0
67
1
61
90
157
161
1
0
5038995
217
76
0
52
0
30
48
318
0
67
1
66
135
160
172
2
0
5039037
209
76
0
36
0
02
26
1
102
0
67
1
76
120
167
160
5
1
0
5039126
175
76
0
65
0
24
2
351
0
67
2
62
110
155
5
129
1
0
5039177
264
76
0
76
0
24
63
82
0
67
1
76
150
156
5
133
1
0
5039592
188
76
0
43
0
5
24
72
172
0
67
1
73
135
164
5
147
5
1
0
5040574
232
76
0
59
0
24
58
163
0
67
1
75
140
159
137
1
0
5042720
182
76
0
68
0
04
44
107
0
67
1
61
108
148
212
5
2
0
5043646
216
76
0
68
4
27
81
129
0
67
1
71
129
159
5
156
2
0
5043930
190
76
0
54
0
25
27
78
94
0
67
1
84
158
156
5
150
1
0
5044545
276
76
0
55
0
24
74
105
0
67
1
55
102
160
2
140
1
0
5045460
249
76
0
80
16
25
7
67
1
67
1
73
140
177
5
178
5
1
0
5045690
315
76
0
73
0
31
11
331
0
67
3
68
122
162
180
3
0
5045983
165
76
0
37
0
25
34
132
1
67
2
59
120
177
5
176
3
0
5047242
158
76
0
32
0
26
04
230
0
67
2
51
93
168
162
3
0
5047730
194
76
0
39
0
30
19
99
0
67
2
72
147
164
179
3
0
5047927
196
76
0
48
0
52
21
57
150
0
67
1
68
135
155
5
115
1
0
5500257
231
76
1
41
0
27
83
115
1
67
2
65
124
162
5
162
2
0
5500273
191
76
0
40
0
31
88
113
1
67
1
66
106
167
196
3
0
5500419
156
76
0
63
14
21
79
112
0
67
3
65
142
164
5
130
3
0
5500516
219
76
0
41
0
24
71
80
0
67
1
57
117
158
136
3
0
5500621
192
76
0
40
0
24
31
140
1
67
1
69
183
172
5
159
5
2
0
5500672
204
76
0
49
0
29
71
115
0
67
1
62
107
166
180
5
2
0
5500834
268
76
0
38
0
27
97
146
0
67
1
54
102
167
172
1
0
5501016
312
76
0
55
0
27
48
139
0
67
1
60
98
161
5
158
1
0
5501717
264
76
1
53
0
25
91
104
0
67
1
64
137
156
139
1
0
5502098
259
76
0
59
0
30
94
122
0
67
1
62
146
162
179
1
0
5502268
254
76
0
62
1
24
46
63
1
67
1
72
154
169
154
2
0
5502306
243
76
0
53
0
31
01
172
0
67
1
67
134
160
175
1
0
5502896
207
76
0
54
14
25
33
92
127
0
67
2
66
119
156
182
3
0
5503833
205
76
0
58
0
29
5
102
0
67
1
66
124
160
166
5
1
0
5504198
206
76
0
54
4
5
26
7
222
0
67
1
67
143
154
5
140
5
2
0
5504740
182
76
0
45
1
25
30
08
177
1
67
1
73
127
173
198
5
2
0
5504970
159
76
0
35
0
25
2
166
1
67
1
62
138
179
178
3
0
5505780
195
76
0
60
0
33
01
91
0
67
1
84
146
159
184
1
0
5505801
222
76
0
46
0
25
26
28
147
0
67
1
69
134
156
141
1
0
5505860
219
76
1
43
0
24
5
117
0
67
3
78
124
157
5
134
1
0
5506131
204
76
0
59
0
5
21
18
98
0
67
1
70
119
167
5
131
2
0
5507030
326
76
0
59
0
29
97
183
0
67
1
83
149
162
5
174
5
1
0
5507332
222
