
sats98 csv 
state
verbal
math
pcttook
al
562
558
8
ak
521
520
52
az
525
528
32
ar
568
555
6
ca
497
516
47
co
537
542
31
ct
510
509
80
de
501
493
70
dc
488
476
83
fl
500
501
52
ga
486
482
64
hi
483
513
55
id
545
544
16
il
564
581
13
497
500
59
ia
593
601
5
ks
582
585
9
ky
547
550
13
la
562
558
8
504
501
68
md
506
508
65
ma
508
508
77
mi
558
569
11
mn
585
598
9
ms
562
549
4
mo
570
573
8
mt
543
546
24
ne
565
571
8
nv
510
513
33
nh
523
520
74
nj
497
508
79
nm
554
551
12
ny
495
503
76
nc
490
492
62
nd
590
599
5
oh
536
540
24
ok
568
564
8
528
528
53
pa
497
495
71
ri
501
495
72
sc
478
473
61
sd
584
581
5
tn
564
567
13
tx
494
501
51
ut
572
570
4
vt
508
504
71
va
507
499
66
wa
524
526
53
wv
525
513
18
wi
581
594
7
wy
548
546
10
