dr rina dechter uci 
grades 
error
occurred
processing
directive
ics
6a
winter
2002
discrete
mathematics
computer
science
course
reference
schedule
homework
handouts
grades
exams
grades
course
letter
grades
last
five
id
hw1
100
hw2
100
hw3
100
hw4
100
hw5
100
hw6
100
hw7
100
quiz1
100
quiz2
100
quiz3
100
quiz4
100
quiz5
100
quiz6
80
midterm
100
final
135
00960
8270
88
908147736330775801234779070
9087929570808875839202297677660733089918455441564
651802905729866
75
10292100659635911290490884100749563979410210050959680941280607667705990409083978190991025092760653288100921009999959911088103110
1001420665779946285818787936578456880691100773248926485
9294100733525954078560863452967488639696110
405080808469090767692709392976882888590705087511162868809798869690921008510510060951211203150826488
95
7780551006635661021255268845288
60859337
763613191308032
84
3659354451
65
14808818664
71918810589608890606483148926984828261
1007575100
746916588628870
62
74
78851059870938619749516478
100354075
62
1979812867275
906771525025631565492189554828088
861007065775076742245534968490
899510093657578
87792521068230
60
95110549473357857272947492961008310095102110100951097010012227671487652
30
89110441086
54502850948969695949794981049085816493119339177810010094100969999851058577709112334401888890959710095867370851047591111363717296809579987410066
507240666739199
100
755554
50535341307
80
102
44
58
778041577849492959498891057980956065927241971789688881009986988510579957076704216273
88
9581
915245080706864426148698988382969060103100799250928342695849696956798
9011080100106709213245733
9450
41
100110
686062
467029494868892
5578100828080117479559790829487
5763
68659497483586480809497
73592790
45937349207529250
8482956644455730812849211
6676
50767066935690535584744928998100100100
949210580
30864252376
107
54723839472909698927895804592608343580266792
93
7595
50769259884
9074
62
871107980744078976218150888078699593589755656345574364099509092
81988690684568955077
65272
95
754530705565992679488
8579102104809585
81102668517796889291959399808910087558511769149329072
3215
69335789082908197949470908510170971136935491968897100999210511075781107080986967972787092759891969437409145653371467689468905798
105110848599
78827508158906485889484100100637072
70
769127290769190989010289537990647910677352
90
97828794
100387993707711979162798492
999564
457093608097793857580849283858310610052105565569647955364908485
88108110
105
358782798448590929288899011095858077708310481844839490959191
7348502055255525834186998869896989511010475991027099106835238296889290959699110798096359612085012628672929086949290398567706510085401
92
98100
73
769185581348056803087
9811054606435727086090449079855491777435706578508810687077
8874806895
94404583607588882158484809510092
98807511088708910388577649484958198
105955590844081888926030927697758880108909090948090111919077482
97
87753845553068409267277908492778593978665751095096145926948082708887896690548585773572679430858866495709186100606790110609612294421749092
100909610543447071506966964727990100956096929311074806565817396886608625
558491957050345155826696947879686971009892969865558770818598396
98989574
881021109598100
100142988068494928577
928094555074558659991991009610095
98
941107295
55691039981877
105
8053509681
max1001001001001001009911011010511011080100145mean67
7789
2677
2890
8077
7292
6687
7192
8085
0165
0074
1480
7254
6980
0084
58median72
0090
0080
0092
0081
5095
0091
0096
5090
0065
0080
0080
5055
0080
0083
00min6642573307660363215045155318
school
information
computer
science
university
california
irvine
ca
92697
3435
dr
rina
dechter
dechter
ics
uci
edu
