
ics 23 course grades 
last
4
digitslab
1lab
2lab
3lab
4lab
totalpossible
lab
points
earnedcapped
lab
totaladjusted
lab
totalmidtermfinalcourse
totalgradeta
possible
lab
total
gradepossible
pts
804
04
04
511
7011
2011
7011
67122152
14cstelioslab
1
420labs40166422
04
01
03
010
2016
0010
2010
20293269
56ashariflab
2
425midterm30356490
00
000
000
000
00222735
06fstelioslab
3
425final305010861
54
01
03
09
8016
009
8010
76132047
64c
lalehlab
443010944
03
04
04
015
0016
0015
0015
00101856
87b
shariftotal1610011301
02
01
03
58
0016
008
009
23172750
77claleh11924
04
03
03
514
4016
0014
4014
40182566
43a
sharif12323
54
03
54
015
1016
0015
1015
24142564
75b
laleh13323
04
01
02
09
8016
009
809
80132550
64csharif13424
53
54
011
1011
2011
1011
11283673
35astelios13433
54
01
04
012
6016
0012
6012
79162459
61bstelios14022
04
01
01
07
8016
007
809
06152547
36c
laleh14552
02
50
00
04
107
204
104
10162740
16dsharifcurrentmax
allowed14603
54
00
00
06
807
206
806
8082538
86d
sharif
labs41015053
02
00
04
407
204
404
40122033
29fsharif
tas31015630
03
03
50
06
508
006
506
50151437
51d
sharif
students18340017354
04
01
04
013
0016
0013
0013
46233472
61alaleh17454
54
01
04
013
4016
0013
4013
55173367
87a
stelios
stus
labs
pts
lostadj
factorave
adj
ave
18451
04
01
03
09
4016
009
4010
42223060
36blalehta1stelios6029
72
1
059771
95
71
61
18653
04
03
52
012
3016
0012
3012
87181957
58b
lalehta2sharif6328
05
1
000071
95
71
95
18664
55
04
04
017
4016
0016
0016
00272578
14asteliosta3laleh5733
16
1
182366
84
70
83
18724
04
04
53
015
3016
0015
3015
30313485
22asharifta4xxx19474
01
04
54
013
5016
0013
5013
89223070
61alalehta5xxx19664
54
53
04
015
9016
0015
9015
91284087
75asteliosta6xxx19681
50
01
02
708
802
703
64141527
75flalehta7xxx20204
04
04
04
016
0016
0016
0016
00152869
66alalehta8xxx20350
53
50
01
05
1012
005
105
49151635
21fsteliosta9xxx20574
03
53
54
015
0016
0015
0015
00233276
41asharifta10xxx21152
03
01
02
08
0016
008
008
00122444
69d
sharifall
sections18022503
54
01
51
510
1016
0010
1010
43242862
62bstelios22912
53
51
04
011
3016
0011
3011
56152857
91b
stelios23120
000
000
000
00119
43flalehgradeslowesthighestnumber
classcum
23494
04
04
54
016
5016
0016
0016
00263080
29alaleha
92
00100
0010
55
0
55
23854
04
03
53
514
9016
0014
9014
90222872
91asharifa69
0091
995429
51
30
05
24092
53
52
03
511
7016
0011
7011
70223367
91a
sharifa
66
0068
99168
74
38
80
24593
54
03
03
013
4016
0013
4013
80304284
41alalehb
63
0065
9952
73
41
53
24973
03
01
03
510
6016
0010
6010
90141849
30csteliosb59
0062
99147
65
49
18
24991
53
01
04
010
0016
0010
0010
34102246
77c
steliosb
56
0058
99147
65
56
83
25233
03
01
04
011
2016
0011
2011
20112653
03c
sharifc
53
0055
99126
56
63
39
25354
03
51
03
011
3016
0011
3011
30172859
62bsharifc49
0052
99189
84
73
22
25502
04
01
03
010
2016
0010
2011
09112046
93c
lalehc
46
0048
99126
56
79
78
25593
53
03
54
014
1016
0014
1014
21162563
96b
steliosd
43
0045
9973
83
83
61
26011
00
01
004
001
001
46153133
96flalehd39
0042
99116
01
89
62
26094
54
04
01
012
8016
0012
8012
98303981
11asteliosd
36
0038
9963
28
92
90
26254
04
54
012
5012
0012
5012
47333580
54asteliosf0
0035
99126
56
99
45
27121
04
03
53
011
9016
0011
9012
53252666
78a
lalehnr00
00
99
45
27311
02
03
51
07
5016
007
507
98222955
01c
steliosi10
55
100
00
27574
04
53
53
515
4016
0015
4015
4051853
59c
shariftotal18328152
04
04
53
514
3016
0014
3014
30182666
78a
sharif28784
04
01
03
512
4016
0012
4012
40172258
77b
sharif28831
52
51
01
05
9016
005
906
47181438
58d
stelios29853
04
03
02
512
4016
0012
4012
40181756
63b
sharif29932
54
01
07
0011
207
007
24212852
30cstelios30492
03
01
01
06
8016
006
808
22172244
77d
laleh30554
04
54
53
015
8016
0015
8015
80313989
47asharif30841
00
00
00
00
803
200
800
8099
71fsharif32664
04
04
54
016
5016
0016
0016
00253280
63alaleh32893
04
04
04
015
2016
0015
2015
20253077
43asharif33331
02
00
03
57
0012
007
007
00232854
01c
sharif35063
03
04
54
014
7016
0014
7014
90253176
78alaleh35163
03
04
02
512
4016
0012
4012
60111851
23cstelios36314
55
04
04
017
4016
0016
0016
00314392
37a
stelios36674
04
04
54
016
5016
0016
0016
00203276
34asharif37384
02
00
05
207
205
205
511122
43flaleh38334
04
01
08
2011
208
208
66211949
90claleh38834
04
54
54
017
0016
0016
0016
00222070
86asharif39101
04
01
01
07
0016
007
008
39141538
50d
laleh39642
04
01
02
09
0016
009
0010
08232758
41b
laleh40603
04
51
02
010
3016
0010
3010
30232258
66b
sharif41354
55
04
04
017
4016
0016
0016
00252677
03astelios43382
03
01
04
010
4016
0010
4011
26132753
34c
laleh44154
04
01
04
013
0016
0013
0013
46302070
21alaleh44702
03
51
54
011
4016
0011
4011
66192760
99bstelios45113
02
51
02
08
3016
008
308
3091638
06d
sharif45114
05
04
54
017
5016
0016
0016
00213277
20asharif46352
52
51
01
06
7016
006
707
22273460
29bstelios46802
04
01
03
010
2016
0010
2011
09242158
67b
laleh47490
04
00
01
05
208
805
205
20142942
40dsharif47674
04
01
03
512
4016
0012
4012
40181756
63b
sharif47833
04
01
01
08
6016
008
609
7492141
81dlaleh48563
53
504
003
503
53201635
49fstelios48921
54
03
53
012
3016
0012
3012
87142356
55b
laleh48991
04
01
02
08
2016
008
208
20101739
27dsharif49173
54
04
54
016
1016
0016
0016
00181866
23a
sharif49763
02
00
00
04
407
204
404
56262347
09c
stelios50484
53
53
54
015
4016
0015
4015
43141660
10bstelios51744
04
03
04
015
0016
0015
0015
06141860
30bstelios51823
02
52
54
012
2016
0012
2012
41111850
73cstelios52023
53
00
01
57
6012
007
608
28151641
46dlaleh52291
53
52
54
012
0016
0012
0012
00273171
74asharif52394
043
02
513
2016
0013
2013
63252770
63alaleh52432
53
01
01
07
2016
007
207
70172949
97cstelios52441
53
51
01
06
9016
006
907
41132845
19d
stelios52483
03
53
53
513
6016
0013
6013
7491852
51cstelios52713
04
04
54
015
7016
0015
7015
70201967
79a
sharif52982
02
01
03
58
8016
008
809
21162651
31cstelios53130
02
00
00
02
004
002
002
00111523
43fsharif53874
04
54
54
017
0016
0016
0016
00171362
37bsharif53933
54
01
03
011
4016
0011
4012
11142052
50claleh54312
03
02
54
011
9016
0011
9012
13223267
81a
stelios55133
54
00
03
010
4012
0010
4010
65152151
46claleh55383
53
53
54
014
6016
0014
6014
68253377
73astelios55674
04
05
04
017
0016
0016
0016
00263683
89astelios57043
54
53
04
015
1016
0015
1015
10212470
15asharif58093
54
02
54
014
1016
0014
1014
39182263
88b
laleh58201
53
01
51
57
5016
007
508
8192139
06dlaleh59723
53
02
01
09
0016
009
009
39171244
27d
stelios60651
04
04
54
014
1016
0014
1014
10233274
16asharif60844
043
04
015
0016
0015
0015
00252674
53asharif60974
04
04
55
017
7016
0016
0016
00162669
31asharif61684
03
54
04
015
5016
0015
5015
50152466
01a
sharif61891
51
02
408
002
403
26213142
60dlaleh62212
02
00
00
54
2012
004
204
20181534
93fsharif62723
03
50
05
907
205
906
10201440
29dlaleh62804
04
01
01
09
4016
009
4010
42273064
64b
laleh62882
53
52
51
09
2016
009
209
2091841
51dsharif63684
04
04
55
017
7016
0016
0016
00224183
46asharif63942
04
01
01
58
4016
008
409
57162147
31c
laleh63983
02
04
03
012
0016
0012
0012
23192561
29bstelios64173
52
00
04
807
204
805
171020
57ilaleh64523
04
01
03
511
6016
0011
6011
60201856
94b
sharif65282
03
51
02
08
5016
008
508
92152046
11c
stelios66144
04
02
52
512
7016
0012
7013
21302572
46alaleh68524
54
04
04
016
4016
0016
0016
00303083
71astelios69334
04
01
03
011
8016
0011
8011
80191856
59b
sharif69862
03
53
54
013
4016
0013
4013
80123061
79blaleh70181
53
04
04
013
0016
0013
0013
17293477
76astelios71274
04
04
54
016
5016
0016
0016
00243279
77asharif71303
53
01
03
010
4016
0010
4010
72202155
74c
stelios71374
52
04
010
4012
0010
4010
49181550
43cstelios71614
04
03
01
011
4016
0011
4012
11233166
81a
laleh73061
03
01
04
09
6016
009
609
96152048
86c
stelios73191
53
01
04
010
0016
0010
0010
34122047
29c
stelios74274
04
01
53
012
3016
0012
3012
30232766
66a
sharif75314
53
54
04
015
9016
0015
9015
91262476
44astelios75843
04
01
04
012
2016
0012
2012
20142255
70c
sharif75894
04
03
03
013
8016
0013
8014
14163267
41a
laleh76022
03
52
54
012
4016
0012
4012
96172862
37blaleh76641
53
04
09
0012
009
009
17141543
50d
stelios76803
54
54
04
016
1016
0016
0016
00182872
23astelios76953
54
01
04
012
6016
0012
6012
60162560
21bsharif77274
04
04
54
016
5016
0016
0016
00213579
00asharif77303
54
04
53
014
9016
0014
9015
07222973
51alaleh77644
04
04
54
016
5016
0016
0016
00172267
77a
stelios77781
52
52
01
06
9016
006
907
41212449
65cstelios77912
53
53
54
013
8016
0013
8013
92213171
10astelios78844
55
03
03
515
8016
0015
8015
81213477
90astelios78951
52
51
52
07
6016
007
608
90141338
80d
laleh79264
54
01
04
013
4016
0013
4013
80142560
50blaleh79543
54
51
04
013
1016
0013
1013
10223069
61asharif79761
54
03
04
013
0016
0013
0013
17212766
70a
stelios80642
03
51
01
57
9016
007
907
90202551
89csharif80683
03
04
04
014
2016
0014
2014
30303884
01astelios80734
55
04
04
017
4016
0016
0016
00303787
91astelios81511
03
02
00
05
8011
205
805
80222950
76csharif82041
03
01
01
56
6016
006
607
13162545
21d
stelios82170
01
00
00
01
004
001
001
00202635
24fsharif83832
03
02
51
58
9016
008
909
9991941
36dlaleh84682
54
01
02
09
4016
009
4010
42141846
30c
laleh85062
04
01
01
07
8016
007
808
26262556
79b
stelios87253
53
52
03
011
9016
0011
9012
13233570
46astelios87873
54
01
01
59
6016
009
609
96151646
46c
stelios87914
03
04
53
014
3016
0014
3014
56152664
21b
laleh88833
03
01
03
010
0016
0010
0010
93112650
03claleh90703
54
54
04
016
1016
0016
0016
00284188
60astelios90934
04
04
54
016
5016
0016
0016
00222473
26alaleh91140
01
01
03
05
6012
805
606
01213854
80c
stelios92094
04
02
54
014
5016
0014
5014
73222771
31alaleh92791
02
01
01
05
0016
005
006
70222445
76d
laleh93311
53
50
01
05
9012
005
905
90152039
61dsharif93634
03
50
54
012
0016
0012
0012
00303576
71asharif94144
04
02
04
014
0016
0014
0014
00173067
57a
sharif95284
03
01
53
511
9016
0011
9011
90151853
41c
sharif95304
03
54
54
516
6016
0016
0016
00211969
40asharif96443
03
03
09
0012
009
009
17222355
16c
stelios96833
03
02
51
09
1016
009
109
49202353
69c
stelios97024
04
03
54
015
5016
0015
5015
58242071
32alaleh98044
044
53
015
3016
0015
3015
41192468
94a
laleh98724
04
04
53
015
3016
0015
3015
30252876
48asharif99310
01
51
03
06
1012
806
106
10172746
02c
sharif99404
04
03
54
015
5016
0015
5015
58292981
01alaleh99552
04
03
53
012
7016
0012
7012
70122657
64b
sharif99963
54
01
01
09
0016
009
0010
08222355
16c
laleh
poss4
04
04
04
04
016
016
035
050
0100
0
min0
00
00
00
00
00
00
05
012
09
4
max4
55
05
05
017
716
016
033
043
092
4
ave2
93
52
32
911
211
111
319
025
358
8
