ics45j fall 2012 course grades 
ics 45j course grades 
last
4
digitslab
1lab
2lab
3lab
4lab
5lab
totalmidtermfinalpartner
evalcourse
totalcourse
grade
possible
lab
total
gradepossible
pts102943
543
53
518
382538084
55alab
1
420labs4020145133
53
533
516
502023167
80b
lab
2
420midterm3030190243
5433
517
882129175
15alab
3
415final305019633
5333315
502538179
80alab
4420
21654443419
002334081
40alab
5425
278933
53
533
516
501222159
20b
total20100
28124322
5112
252334168
90b
30164442
5418
502637186
20agradeslowesthighestnumber
classcum
32913
53
533316
001726165
60ba
92
00100
0014
35
4
35
340243
5443
518
882944194
15a
a72
0091
99939
13
43
48
35872
53
5343
516
631233166
05b
69
0071
9900
00
43
48
41603323
5213
502834075
40ab
66
0068
99521
74
65
22
44334322111
751427154
70cb62
0065
9914
35
69
57
46192
53
53
53315
382125167
75b
59
0061
9928
70
78
26
48142
53
5343
516
632432177
45ac
56
0058
9914
35
82
61
78692
53
53
53315
381110148
75d
c52
0055
99313
04
95
65
79683
5333315
501729166
40b
49
0051
9900
00
95
65
80713
53
533316
002531176
60ad
46
0048
9914
35
100
00
842443
5443
518
881932176
95ad42
0045
9900
00
100
00
87573323
5213
501820158
00c
39
0041
9900
00
100
00
91973
5443
5317
751024059
90b
f0
0038
9900
00
100
00
97351
53
53
53
51
513
001423154
80cnr
00
00
100
00
98301
53
53
53
51
513
001320152
00ci
00
00
100
00
ave3
243
433
263
222
8715
9219
4328
910
8369
46
total
23ave
81
0
85
9
81
5
80
4
71
7
53
1
64
8
57
8
