ics80f spring 2008 course grades 
course grades 
last
4
idr1p1r2p2r3p3r
total
part
adj
part
total
coursegrade11193
03
02
53
03
03
072
5096
67619
1776
6791
67a11793
03
02
52
53
03
070
8394
44117
0868
3387
92a13383
03
02
02
53
03
068
3391
11
116
2565
0084
58a
21712
53
03
03
03
03
072
5096
67016
6766
6789
17a22742
53
02
02
52
02
559
1778
89016
6766
6775
83b24793
03
02
52
52
02
564
1785
56117
0868
3381
25b
28602
03
02
03
02
53
062
5083
33820
0080
0082
50b
34163
02
53
02
53
03
071
6795
56518
7575
0090
42a44893
03
02
52
53
03
070
8394
44
813
3353
3384
17a
55603
03
02
52
53
03
070
8394
44619
1776
6790
00a59553
03
03
03
02
53
072
5096
67117
0868
3389
58a73372
03
02
03
02
53
062
5083
33518
7575
0081
25b
74153
03
02
52
51
53
063
3384
44317
9271
6781
25b
79513
03
02
53
02
52
568
3391
11317
9271
6786
25a
87793
02
52
53
02
53
068
3391
11518
7575
0087
08a93272
03
02
53
02
53
065
0086
67619
1776
6784
17a
96043
03
03
02
53
03
073
3397
78
514
5858
3387
92a
