cs122b spring 2009 course grades 
final course grades 
last
4
idphase
1
codephase
1
demophase
2
codephase
2
demophase
3
codephase
3
demophase
4
codephase
4
demophase
5
codephase
5
demo
pts
ptsgrade111930
531313
513
5120
582a
194820
5212
513
5130
517
068c
226630
531313
513
50
520
080a
26263
513
513
513
513
5122
590a283620
5212
513
5130
517
068c
31693
513
513
512
50
54121
586a323731413
513
514123
092a41163
50
53
5141414123
594a413431413
513
514123
092a419120
54141414122
590a52673
50
5413
513
5130
521
586a53673
50
53
5141414123
594a56332
50
5213
513
513
5119
578b
58943
513
513
512
514122
088a59553
512
51311
5130
518
072b
61112
50
5213
513
513
5119
578b
635320
52
513
513
513
5119
578b
64932
50
5213
513
513
5119
578b
652220
52
513
513
513
5119
578b
6565001
510
50
51120
58
032d66113
513
513
513
5120
520
582a
71753
512
51311
5130
518
072b
729130
531313
513
50
520
080a
73523
513
513
513
5120
520
582a
792920
52
513
513
512
5118
574b8423313141413
5122
590a901231413
513
514123
092a905930
53130
5313
5119
578b
933220
52
513
513
512
5118
574b96783
50
5413
513
5130
521
586a97293
513
513
512
50
54121
586a973220
54141414122
590a99143
513
513
513
513
5122
590aaverage2
820
683
061
003
330
973
270
973
360
8320
3081
